Datetime,Symbol,Open,High,Low,Close,AdjClose,Volume,Dividends,Stock_Splits
1741190400000,BHIA3,2.700000047683716,2.700000047683716,2.5999999046325684,2.640000104904175,2.640000104904175,332800,0.0,0.0
1741194000000,BHIA3,2.6500000953674316,2.6600000858306885,2.630000114440918,2.630000114440918,2.630000114440918,159000,0.0,0.0
1741197600000,BHIA3,2.630000114440918,2.6600000858306885,2.619999885559082,2.6500000953674316,2.6500000953674316,265100,0.0,0.0
1741201200000,BHIA3,2.6500000953674316,2.6700000762939453,2.640000104904175,2.6700000762939453,2.6700000762939453,142800,0.0,0.0
1741204800000,BHIA3,2.6700000762939453,2.6700000762939453,2.640000104904175,2.6600000858306885,2.6600000858306885,109900,0.0,0.0
1741266000000,BHIA3,2.6500000953674316,2.6600000858306885,2.5999999046325684,2.6500000953674316,2.6500000953674316,0,0.0,0.0
1741269600000,BHIA3,2.6500000953674316,2.690000057220459,2.609999895095825,2.690000057220459,2.690000057220459,446300,0.0,0.0
1741273200000,BHIA3,2.680000066757202,2.819999933242798,2.680000066757202,2.819999933242798,2.819999933242798,1042300,0.0,0.0
1741276800000,BHIA3,2.809999942779541,2.890000104904175,2.7899999618530273,2.8299999237060547,2.8299999237060547,1004500,0.0,0.0
1741280400000,BHIA3,2.819999933242798,2.8499999046325684,2.809999942779541,2.8399999141693115,2.8399999141693115,473600,0.0,0.0
1741284000000,BHIA3,2.8299999237060547,2.9100000858306885,2.809999942779541,2.9100000858306885,2.9100000858306885,643500,0.0,0.0
1741287600000,BHIA3,2.9100000858306885,2.9700000286102295,2.859999895095825,2.9600000381469727,2.9600000381469727,2678900,0.0,0.0
1741352400000,BHIA3,3.0,3.5399999618530273,2.9700000286102295,3.3399999141693115,3.3399999141693115,3634700,0.0,0.0
1741356000000,BHIA3,3.3299999237060547,3.4200000762939453,3.240000009536743,3.390000104904175,3.390000104904175,3050100,0.0,0.0
1741359600000,BHIA3,3.390000104904175,3.5999999046325684,3.390000104904175,3.569999933242798,3.569999933242798,2763600,0.0,0.0
1741363200000,BHIA3,3.549999952316284,3.559999942779541,3.450000047683716,3.490000009536743,3.490000009536743,854600,0.0,0.0
1741366800000,BHIA3,3.4800000190734863,3.549999952316284,3.4700000286102295,3.490000009536743,3.490000009536743,1830100,0.0,0.0
1741370400000,BHIA3,3.5,3.5399999618530273,3.4200000762939453,3.5299999713897705,3.5299999713897705,1093000,0.0,0.0
1741374000000,BHIA3,3.5299999713897705,3.680000066757202,3.509999990463257,3.5799999237060547,3.5799999237060547,1975300,0.0,0.0
1741611600000,BHIA3,3.5399999618530273,3.890000104904175,3.4800000190734863,3.8499999046325684,3.8499999046325684,0,0.0,0.0
1741615200000,BHIA3,3.8399999141693115,4.590000152587891,3.8299999237060547,4.46999979019165,4.46999979019165,6430000,0.0,0.0
1741618800000,BHIA3,4.480000019073486,4.550000190734863,4.340000152587891,4.46999979019165,4.46999979019165,2749600,0.0,0.0
1741622400000,BHIA3,4.480000019073486,4.519999980926514,4.420000076293945,4.420000076293945,4.420000076293945,1096000,0.0,0.0
1741626000000,BHIA3,4.420000076293945,4.699999809265137,4.409999847412109,4.699999809265137,4.699999809265137,2816900,0.0,0.0
1741629600000,BHIA3,4.650000095367432,4.989999771118164,4.639999866485596,4.800000190734863,4.800000190734863,5816600,0.0,0.0
1741633200000,BHIA3,4.769999980926514,4.800000190734863,4.599999904632568,4.670000076293945,4.670000076293945,1862400,0.0,0.0
1741698000000,BHIA3,4.769999980926514,5.949999809265137,4.579999923706055,5.360000133514404,5.360000133514404,0,0.0,0.0
1741701600000,BHIA3,5.25,5.329999923706055,5.019999980926514,5.019999980926514,5.019999980926514,959600,0.0,0.0
1741708800000,BHIA3,4.909999847412109,5.340000152587891,4.800000190734863,4.829999923706055,4.829999923706055,4170600,0.0,0.0
1741712400000,BHIA3,4.829999923706055,5.139999866485596,4.820000171661377,5.119999885559082,5.119999885559082,1267400,0.0,0.0
1741716000000,BHIA3,5.119999885559082,5.300000190734863,5.039999961853027,5.199999809265137,5.199999809265137,2757000,0.0,0.0
1741784400000,BHIA3,5.199999809265137,6.03000020980835,5.199999809265137,5.53000020980835,5.53000020980835,0,0.0,0.0
1741788000000,BHIA3,5.539999961853027,5.599999904632568,5.369999885559082,5.449999809265137,5.449999809265137,1550000,0.0,0.0
1741791600000,BHIA3,5.440000057220459,5.5,5.389999866485596,5.440000057220459,5.440000057220459,1169000,0.0,0.0
1741795200000,BHIA3,5.429999828338623,5.53000020980835,5.400000095367432,5.429999828338623,5.429999828338623,541100,0.0,0.0
1741798800000,BHIA3,5.440000057220459,5.480000019073486,5.409999847412109,5.420000076293945,5.420000076293945,518300,0.0,0.0
1741802400000,BHIA3,5.420000076293945,5.829999923706055,5.409999847412109,5.739999771118164,5.739999771118164,2028100,0.0,0.0
1741806000000,BHIA3,5.739999771118164,5.769999980926514,5.420000076293945,5.46999979019165,5.46999979019165,1635800,0.0,0.0
1741870800000,BHIA3,5.300000190734863,5.590000152587891,5.130000114440918,5.360000133514404,5.360000133514404,0,0.0,0.0
1741874400000,BHIA3,5.360000133514404,5.400000095367432,4.880000114440918,4.909999847412109,4.909999847412109,2112600,0.0,0.0
1741878000000,BHIA3,4.929999828338623,4.989999771118164,4.760000228881836,4.769999980926514,4.769999980926514,953400,0.0,0.0
1741881600000,BHIA3,4.769999980926514,4.989999771118164,4.699999809265137,4.940000057220459,4.940000057220459,1079000,0.0,0.0
1741885200000,BHIA3,4.940000057220459,5.190000057220459,4.929999828338623,4.989999771118164,4.989999771118164,0,0.0,0.0
1741888800000,BHIA3,5.0,5.0,4.809999942779541,4.880000114440918,4.880000114440918,10367100,0.0,0.0
1741892400000,BHIA3,4.889999866485596,4.949999809265137,4.730000019073486,4.739999771118164,4.739999771118164,730400,0.0,0.0
1741957200000,BHIA3,4.800000190734863,5.449999809265137,4.739999771118164,5.329999923706055,5.329999923706055,3680000,0.0,0.0
1741960800000,BHIA3,5.329999923706055,5.739999771118164,5.320000171661377,5.440000057220459,5.440000057220459,4216800,0.0,0.0
1741964400000,BHIA3,5.460000038146973,5.599999904632568,5.400000095367432,5.5,5.5,1031200,0.0,0.0
1741968000000,BHIA3,5.510000228881836,5.590000152587891,5.409999847412109,5.539999961853027,5.539999961853027,968800,0.0,0.0
1741971600000,BHIA3,5.539999961853027,5.639999866485596,5.420000076293945,5.489999771118164,5.489999771118164,891900,0.0,0.0
1741975200000,BHIA3,5.510000228881836,5.539999961853027,5.420000076293945,5.480000019073486,5.480000019073486,508800,0.0,0.0
1741978800000,BHIA3,5.480000019073486,5.559999942779541,5.46999979019165,5.510000228881836,5.510000228881836,520800,0.0,0.0
1742216400000,BHIA3,5.519999980926514,5.679999828338623,5.389999866485596,5.480000019073486,5.480000019073486,0,0.0,0.0
1742220000000,BHIA3,5.480000019073486,5.599999904632568,5.449999809265137,5.570000171661377,5.570000171661377,642500,0.0,0.0
1742223600000,BHIA3,5.599999904632568,5.840000152587891,5.550000190734863,5.670000076293945,5.670000076293945,1844300,0.0,0.0
1742227200000,BHIA3,5.659999847412109,5.670000076293945,5.550000190734863,5.650000095367432,5.650000095367432,1014400,0.0,0.0
1742230800000,BHIA3,5.650000095367432,5.690000057220459,5.610000133514404,5.639999866485596,5.639999866485596,441500,0.0,0.0
1742234400000,BHIA3,5.630000114440918,5.639999866485596,5.559999942779541,5.590000152587891,5.590000152587891,404200,0.0,0.0
1742238000000,BHIA3,5.590000152587891,5.590000152587891,5.369999885559082,5.389999866485596,5.389999866485596,1062300,0.0,0.0
1742302800000,BHIA3,5.320000171661377,5.440000057220459,5.03000020980835,5.119999885559082,5.119999885559082,0,0.0,0.0
1742306400000,BHIA3,5.130000114440918,5.28000020980835,5.110000133514404,5.150000095367432,5.150000095367432,1096100,0.0,0.0
1742310000000,BHIA3,5.150000095367432,5.210000038146973,5.119999885559082,5.179999828338623,5.179999828338623,552800,0.0,0.0
1742313600000,BHIA3,5.179999828338623,5.21999979019165,5.159999847412109,5.199999809265137,5.199999809265137,317000,0.0,0.0
1742317200000,BHIA3,5.210000038146973,5.349999904632568,5.179999828338623,5.329999923706055,5.329999923706055,647100,0.0,0.0
1742320800000,BHIA3,5.329999923706055,5.53000020980835,5.300000190734863,5.510000228881836,5.510000228881836,1167200,0.0,0.0
1742324400000,BHIA3,5.53000020980835,5.539999961853027,5.400000095367432,5.429999828338623,5.429999828338623,956100,0.0,0.0
1742389200000,BHIA3,5.46999979019165,6.480000019073486,5.46999979019165,6.199999809265137,6.199999809265137,0,0.0,0.0
1742392800000,BHIA3,6.21999979019165,6.389999866485596,6.019999980926514,6.099999904632568,6.099999904632568,0,0.0,0.0
1742396400000,BHIA3,6.110000133514404,6.230000019073486,6.010000228881836,6.21999979019165,6.21999979019165,8645200,0.0,0.0
1742400000000,BHIA3,6.230000019073486,6.670000076293945,6.199999809265137,6.619999885559082,6.619999885559082,3676600,0.0,0.0
1742403600000,BHIA3,6.639999866485596,6.679999828338623,6.449999809265137,6.46999979019165,6.46999979019165,1299600,0.0,0.0
1742407200000,BHIA3,6.46999979019165,6.949999809265137,6.460000038146973,6.869999885559082,6.869999885559082,1946500,0.0,0.0
1742410800000,BHIA3,6.880000114440918,7.119999885559082,6.75,6.900000095367432,6.900000095367432,4481500,0.0,0.0
1742479200000,BHIA3,7.159999847412109,7.489999771118164,6.78000020980835,7.139999866485596,7.139999866485596,6405400,0.0,0.0
1742482800000,BHIA3,7.139999866485596,7.190000057220459,6.909999847412109,7.059999942779541,7.059999942779541,1756500,0.0,0.0
1742486400000,BHIA3,7.050000190734863,7.119999885559082,6.949999809265137,7.050000190734863,7.050000190734863,1164800,0.0,0.0
1742490000000,BHIA3,7.039999961853027,7.28000020980835,7.010000228881836,7.190000057220459,7.190000057220459,1465200,0.0,0.0
1742493600000,BHIA3,7.190000057220459,7.199999809265137,7.090000152587891,7.130000114440918,7.130000114440918,832100,0.0,0.0
1742497200000,BHIA3,7.130000114440918,7.159999847412109,7.019999980926514,7.110000133514404,7.110000133514404,1016300,0.0,0.0
1742562000000,BHIA3,7.059999942779541,7.21999979019165,6.699999809265137,6.860000133514404,6.860000133514404,0,0.0,0.0
1742565600000,BHIA3,6.860000133514404,7.320000171661377,6.849999904632568,7.070000171661377,7.070000171661377,2642400,0.0,0.0
1742569200000,BHIA3,7.070000171661377,7.21999979019165,7.0,7.170000076293945,7.170000076293945,929400,0.0,0.0
1742572800000,BHIA3,7.179999828338623,7.75,7.119999885559082,7.670000076293945,7.670000076293945,2830800,0.0,0.0
1742576400000,BHIA3,7.670000076293945,7.760000228881836,7.659999847412109,7.760000228881836,7.760000228881836,243200,0.0,0.0
1742580000000,BHIA3,7.760000228881836,8.529999732971191,7.619999885559082,8.529999732971191,8.529999732971191,2953500,0.0,0.0
1742821200000,BHIA3,8.0,8.699999809265137,7.730000019073486,7.980000019073486,7.980000019073486,0,0.0,0.0
1742824800000,BHIA3,7.980000019073486,8.180000305175781,7.980000019073486,8.130000114440918,8.130000114440918,1167800,0.0,0.0
1742828400000,BHIA3,8.140000343322754,8.40999984741211,8.0600004196167,8.140000343322754,8.140000343322754,1833700,0.0,0.0
1742832000000,BHIA3,8.140000343322754,8.5,8.069999694824219,8.430000305175781,8.430000305175781,1274200,0.0,0.0
1742835600000,BHIA3,8.430000305175781,8.569999694824219,8.210000038146973,8.4399995803833,8.4399995803833,2863400,0.0,0.0
1742839200000,BHIA3,8.4399995803833,8.6899995803833,8.319999694824219,8.609999656677246,8.609999656677246,2268800,0.0,0.0
1742842800000,BHIA3,8.600000381469727,8.670000076293945,8.1899995803833,8.220000267028809,8.220000267028809,1709000,0.0,0.0
1742907600000,BHIA3,8.380000114440918,9.210000038146973,8.350000381469727,9.210000038146973,9.210000038146973,0,0.0,0.0
1742911200000,BHIA3,9.1899995803833,10.079999923706055,9.180000305175781,10.0600004196167,10.0600004196167,3380500,0.0,0.0
1742914800000,BHIA3,10.0600004196167,10.0600004196167,9.699999809265137,9.970000267028809,9.970000267028809,2691400,0.0,0.0
1742918400000,BHIA3,9.979999542236328,10.100000381469727,9.9399995803833,10.09000015258789,10.09000015258789,572800,0.0,0.0
1742922000000,BHIA3,10.079999923706055,10.09000015258789,9.289999961853027,9.479999542236328,9.479999542236328,3606400,0.0,0.0
1742925600000,BHIA3,9.479999542236328,9.869999885559082,9.350000381469727,9.789999961853027,9.789999961853027,2363000,0.0,0.0
1742929200000,BHIA3,9.770000457763672,9.899999618530273,9.579999923706055,9.6899995803833,9.6899995803833,1392000,0.0,0.0
1742994000000,BHIA3,10.0,10.5,9.800000190734863,10.010000228881836,10.010000228881836,0,0.0,0.0
1742997600000,BHIA3,10.020000457763672,10.020000457763672,9.899999618530273,9.949999809265137,9.949999809265137,1253700,0.0,0.0
1743001200000,BHIA3,9.949999809265137,9.979999542236328,9.90999984741211,9.930000305175781,9.930000305175781,433700,0.0,0.0
1743004800000,BHIA3,9.9399995803833,9.979999542236328,9.899999618530273,9.899999618530273,9.899999618530273,339400,0.0,0.0
1743008400000,BHIA3,9.899999618530273,10.039999961853027,9.899999618530273,9.989999771118164,9.989999771118164,968100,0.0,0.0
1743012000000,BHIA3,10.0,10.010000228881836,9.449999809265137,9.8100004196167,9.8100004196167,3055900,0.0,0.0
1743015600000,BHIA3,9.819999694824219,9.989999771118164,9.65999984741211,9.84000015258789,9.84000015258789,3548600,0.0,0.0
1743080400000,BHIA3,10.199999809265137,10.210000038146973,9.6899995803833,9.949999809265137,9.949999809265137,0,0.0,0.0
1743084000000,BHIA3,9.930000305175781,10.0,9.819999694824219,9.819999694824219,9.819999694824219,1407600,0.0,0.0
1743087600000,BHIA3,9.819999694824219,9.920000076293945,9.779999732971191,9.90999984741211,9.90999984741211,454300,0.0,0.0
1743091200000,BHIA3,9.90999984741211,9.920000076293945,9.859999656677246,9.880000114440918,9.880000114440918,393600,0.0,0.0
1743094800000,BHIA3,9.880000114440918,9.920000076293945,9.779999732971191,9.800000190734863,9.800000190734863,964400,0.0,0.0
1743098400000,BHIA3,9.800000190734863,9.899999618530273,9.800000190734863,9.859999656677246,9.859999656677246,382700,0.0,0.0
1743102000000,BHIA3,9.859999656677246,9.890000343322754,9.670000076293945,9.720000267028809,9.720000267028809,627600,0.0,0.0
1743166800000,BHIA3,9.619999885559082,10.25,9.09000015258789,9.850000381469727,9.850000381469727,0,0.0,0.0
1743170400000,BHIA3,9.819999694824219,9.979999542236328,9.649999618530273,9.699999809265137,9.699999809265137,1249200,0.0,0.0
1743174000000,BHIA3,9.699999809265137,9.960000038146973,9.680000305175781,9.899999618530273,9.899999618530273,751300,0.0,0.0
1743177600000,BHIA3,9.90999984741211,10.0,9.729999542236328,9.819999694824219,9.819999694824219,617100,0.0,0.0
1743181200000,BHIA3,9.819999694824219,10.050000190734863,9.800000190734863,10.029999732971191,10.029999732971191,1187400,0.0,0.0
1743184800000,BHIA3,10.039999961853027,10.229999542236328,9.90999984741211,10.029999732971191,10.029999732971191,1433800,0.0,0.0
1743188400000,BHIA3,10.039999961853027,10.579999923706055,9.9399995803833,10.239999771118164,10.239999771118164,2242400,0.0,0.0
1743426000000,BHIA3,10.229999542236328,11.210000038146973,10.130000114440918,10.770000457763672,10.770000457763672,0,0.0,0.0
1743429600000,BHIA3,10.770000457763672,10.9399995803833,10.5600004196167,10.619999885559082,10.619999885559082,1413500,0.0,0.0
1743433200000,BHIA3,10.630000114440918,10.800000190734863,10.220000267028809,10.229999542236328,10.229999542236328,1206900,0.0,0.0
1743436800000,BHIA3,10.220000267028809,10.329999923706055,9.770000457763672,9.859999656677246,9.859999656677246,2412700,0.0,0.0
1743440400000,BHIA3,9.850000381469727,9.869999885559082,9.619999885559082,9.720000267028809,9.720000267028809,1024300,0.0,0.0
1743444000000,BHIA3,9.710000038146973,9.949999809265137,9.350000381469727,9.449999809265137,9.449999809265137,1670300,0.0,0.0
1743447600000,BHIA3,9.430000305175781,9.529999732971191,8.8100004196167,8.989999771118164,8.989999771118164,1725000,0.0,0.0
1743512400000,BHIA3,9.300000190734863,9.779999732971191,9.25,9.720000267028809,9.720000267028809,2672000,0.0,0.0
1743516000000,BHIA3,9.720000267028809,9.779999732971191,9.550000190734863,9.579999923706055,9.579999923706055,1115400,0.0,0.0
1743519600000,BHIA3,9.5600004196167,9.779999732971191,9.460000038146973,9.550000190734863,9.550000190734863,1229500,0.0,0.0
1743523200000,BHIA3,9.550000190734863,9.5600004196167,9.15999984741211,9.210000038146973,9.210000038146973,715400,0.0,0.0
1743526800000,BHIA3,9.210000038146973,9.430000305175781,9.210000038146973,9.300000190734863,9.300000190734863,555600,0.0,0.0
1743530400000,BHIA3,9.300000190734863,9.359999656677246,9.220000267028809,9.279999732971191,9.279999732971191,245400,0.0,0.0
1743534000000,BHIA3,9.289999961853027,9.4399995803833,9.1899995803833,9.199999809265137,9.199999809265137,810000,0.0,0.0
