Datetime,Symbol,Open,High,Low,Close,AdjClose,Volume,Dividends,Stock_Splits
1741190400000,EMBR3,72.0,72.88999938964844,71.61000061035156,72.73999786376953,72.73999786376953,731000,0.0,0.0
1741191300000,EMBR3,72.75,74.19999694824219,72.51000213623047,74.05000305175781,74.05000305175781,2801300,0.0,0.0
1741192200000,EMBR3,74.04000091552734,74.2699966430664,73.56999969482422,73.80999755859375,73.80999755859375,1019000,0.0,0.0
1741193100000,EMBR3,73.81999969482422,74.47000122070312,73.58000183105469,74.4000015258789,74.4000015258789,660600,0.0,0.0
1741194000000,EMBR3,74.41999816894531,74.86000061035156,74.37000274658203,74.75,74.75,532800,0.0,0.0
1741194900000,EMBR3,74.70999908447266,75.45999908447266,74.69000244140625,75.19999694824219,75.19999694824219,1060500,0.0,0.0
1741195800000,EMBR3,75.19000244140625,75.54000091552734,75.0999984741211,75.5,75.5,1038600,0.0,0.0
1741196700000,EMBR3,75.52999877929688,75.8499984741211,75.2699966430664,75.76000213623047,75.76000213623047,455600,0.0,0.0
1741197600000,EMBR3,75.79000091552734,75.87000274658203,75.30999755859375,75.44000244140625,75.44000244140625,360800,0.0,0.0
1741198500000,EMBR3,75.44000244140625,75.4800033569336,75.12999725341797,75.43000030517578,75.43000030517578,358700,0.0,0.0
1741199400000,EMBR3,75.41000366210938,76.0999984741211,75.41000366210938,75.8499984741211,75.8499984741211,469000,0.0,0.0
1741200300000,EMBR3,75.86000061035156,76.1500015258789,75.79000091552734,75.98999786376953,75.98999786376953,493800,0.0,0.0
1741201200000,EMBR3,75.9800033569336,76.12000274658203,75.93000030517578,76.0,76.0,347000,0.0,0.0
1741202100000,EMBR3,76.0,76.01000213623047,75.62000274658203,75.80000305175781,75.80000305175781,293000,0.0,0.0
1741203000000,EMBR3,75.77999877929688,75.95999908447266,75.76000213623047,75.8499984741211,75.8499984741211,214300,0.0,0.0
1741203900000,EMBR3,75.80999755859375,75.98999786376953,75.72000122070312,75.83000183105469,75.83000183105469,262900,0.0,0.0
1741204800000,EMBR3,75.80999755859375,75.83999633789062,75.36000061035156,75.75,75.75,568100,0.0,0.0
1741205700000,EMBR3,75.75,75.7699966430664,75.37000274658203,75.66999816894531,75.66999816894531,368500,0.0,0.0
1741206600000,EMBR3,75.68000030517578,75.7300033569336,75.45999908447266,75.5999984741211,75.5999984741211,503900,0.0,0.0
1741207500000,EMBR3,75.58999633789062,75.80000305175781,75.45999908447266,75.7699966430664,75.7699966430664,319200,0.0,0.0
1741266000000,EMBR3,75.55000305175781,75.9000015258789,74.83000183105469,75.4800033569336,75.4800033569336,528600,0.0,0.0
1741266900000,EMBR3,75.48999786376953,75.73999786376953,75.12999725341797,75.19999694824219,75.19999694824219,298200,0.0,0.0
1741267800000,EMBR3,75.19000244140625,75.2300033569336,74.8499984741211,74.95999908447266,74.95999908447266,298900,0.0,0.0
1741268700000,EMBR3,74.97000122070312,75.0,74.81999969482422,74.95999908447266,74.95999908447266,226100,0.0,0.0
1741269600000,EMBR3,74.95999908447266,74.95999908447266,74.5999984741211,74.5999984741211,74.5999984741211,117500,0.0,0.0
1741270500000,EMBR3,74.6500015258789,75.05000305175781,74.55000305175781,75.05000305175781,75.05000305175781,298000,0.0,0.0
1741271400000,EMBR3,75.0199966430664,75.9000015258789,74.87999725341797,75.70999908447266,75.70999908447266,598900,0.0,0.0
1741272300000,EMBR3,75.7300033569336,76.37000274658203,75.66000366210938,75.9000015258789,75.9000015258789,678100,0.0,0.0
1741273200000,EMBR3,75.91000366210938,76.30000305175781,75.72000122070312,75.93000030517578,75.93000030517578,352900,0.0,0.0
1741274100000,EMBR3,75.9000015258789,76.18000030517578,75.69000244140625,75.83000183105469,75.83000183105469,430800,0.0,0.0
1741275000000,EMBR3,75.81999969482422,75.91999816894531,75.2300033569336,75.63999938964844,75.63999938964844,693800,0.0,0.0
1741275900000,EMBR3,75.61000061035156,76.0,75.58000183105469,75.77999877929688,75.77999877929688,305000,0.0,0.0
1741276800000,EMBR3,75.79000091552734,75.93000030517578,75.5999984741211,75.7699966430664,75.7699966430664,434400,0.0,0.0
1741277700000,EMBR3,75.80000305175781,75.98999786376953,75.58999633789062,75.77999877929688,75.77999877929688,327500,0.0,0.0
1741278600000,EMBR3,75.77999877929688,75.9800033569336,75.5199966430664,75.62999725341797,75.62999725341797,377700,0.0,0.0
1741279500000,EMBR3,75.66000366210938,75.70999908447266,75.4000015258789,75.47000122070312,75.47000122070312,307300,0.0,0.0
1741280400000,EMBR3,75.43000030517578,75.91000366210938,75.41999816894531,75.73999786376953,75.73999786376953,419100,0.0,0.0
1741281300000,EMBR3,75.73999786376953,75.81999969482422,75.55000305175781,75.61000061035156,75.61000061035156,272700,0.0,0.0
1741282200000,EMBR3,75.5999984741211,75.73999786376953,75.47000122070312,75.6500015258789,75.6500015258789,203800,0.0,0.0
1741283100000,EMBR3,75.6500015258789,75.66999816894531,75.05000305175781,75.19000244140625,75.19000244140625,307600,0.0,0.0
1741284000000,EMBR3,75.19000244140625,75.38999938964844,75.05000305175781,75.18000030517578,75.18000030517578,239300,0.0,0.0
1741284900000,EMBR3,75.18000030517578,75.58000183105469,75.16999816894531,75.48999786376953,75.48999786376953,259500,0.0,0.0
1741285800000,EMBR3,75.48999786376953,75.5999984741211,75.06999969482422,75.19999694824219,75.19999694824219,265100,0.0,0.0
1741286700000,EMBR3,75.19000244140625,75.37000274658203,75.01000213623047,75.20999908447266,75.20999908447266,354100,0.0,0.0
1741287600000,EMBR3,75.22000122070312,75.3499984741211,74.5,74.5999984741211,74.5999984741211,431400,0.0,0.0
1741288500000,EMBR3,74.62000274658203,74.7300033569336,74.22000122070312,74.25,74.25,389400,0.0,0.0
1741289400000,EMBR3,74.22000122070312,74.72000122070312,74.08999633789062,74.66000366210938,74.66000366210938,336900,0.0,0.0
1741290300000,EMBR3,74.66000366210938,74.87000274658203,74.23999786376953,74.2699966430664,74.2699966430664,372300,0.0,0.0
1741352400000,EMBR3,74.56999969482422,74.9000015258789,74.25,74.7699966430664,74.7699966430664,141100,0.0,0.0
1741353300000,EMBR3,74.80000305175781,74.86000061035156,74.30000305175781,74.5999984741211,74.5999984741211,116700,0.0,0.0
1741354200000,EMBR3,74.54000091552734,74.5999984741211,74.11000061035156,74.11000061035156,74.11000061035156,116100,0.0,0.0
1741355100000,EMBR3,74.13999938964844,74.33999633789062,74.06999969482422,74.16999816894531,74.16999816894531,95400,0.0,0.0
1741356000000,EMBR3,74.13999938964844,74.30000305175781,73.9800033569336,74.02999877929688,74.02999877929688,116300,0.0,0.0
1741356900000,EMBR3,74.05999755859375,74.06999969482422,73.56999969482422,73.6500015258789,73.6500015258789,136900,0.0,0.0
1741357800000,EMBR3,73.66999816894531,74.05000305175781,72.80000305175781,73.91000366210938,73.91000366210938,664800,0.0,0.0
1741358700000,EMBR3,73.87000274658203,74.45999908447266,73.83999633789062,74.0199966430664,74.0199966430664,271600,0.0,0.0
1741359600000,EMBR3,73.97000122070312,74.37999725341797,73.88999938964844,74.13999938964844,74.13999938964844,290700,0.0,0.0
1741360500000,EMBR3,74.12999725341797,74.18000030517578,73.86000061035156,73.91999816894531,73.91999816894531,143800,0.0,0.0
1741361400000,EMBR3,73.91000366210938,74.05999755859375,73.47000122070312,73.94000244140625,73.94000244140625,272800,0.0,0.0
1741362300000,EMBR3,73.94999694824219,74.05999755859375,73.6500015258789,73.94000244140625,73.94000244140625,276500,0.0,0.0
1741363200000,EMBR3,73.93000030517578,74.08999633789062,73.8499984741211,73.97000122070312,73.97000122070312,156500,0.0,0.0
1741364100000,EMBR3,73.97000122070312,73.98999786376953,73.52999877929688,73.63999938964844,73.63999938964844,192400,0.0,0.0
1741365000000,EMBR3,73.6500015258789,73.75,73.08000183105469,73.36000061035156,73.36000061035156,202400,0.0,0.0
1741365900000,EMBR3,73.3499984741211,73.52999877929688,73.1500015258789,73.5,73.5,119800,0.0,0.0
1741366800000,EMBR3,73.5,73.81999969482422,73.41999816894531,73.55999755859375,73.55999755859375,144000,0.0,0.0
1741367700000,EMBR3,73.55999755859375,73.58999633789062,73.27999877929688,73.5,73.5,100200,0.0,0.0
1741368600000,EMBR3,73.45999908447266,73.6500015258789,73.33999633789062,73.54000091552734,73.54000091552734,172000,0.0,0.0
1741369500000,EMBR3,73.5199966430664,73.66999816894531,73.0999984741211,73.12000274658203,73.12000274658203,138900,0.0,0.0
1741370400000,EMBR3,73.12999725341797,73.66000366210938,73.11000061035156,73.62000274658203,73.62000274658203,206900,0.0,0.0
1741371300000,EMBR3,73.6500015258789,73.86000061035156,73.41999816894531,73.44000244140625,73.44000244140625,209500,0.0,0.0
1741372200000,EMBR3,73.41999816894531,73.80000305175781,73.37000274658203,73.69999694824219,73.69999694824219,239000,0.0,0.0
1741373100000,EMBR3,73.7300033569336,73.7300033569336,73.5,73.55000305175781,73.55000305175781,162800,0.0,0.0
1741374000000,EMBR3,73.58000183105469,73.68000030517578,73.5,73.6500015258789,73.6500015258789,166000,0.0,0.0
1741374900000,EMBR3,73.66000366210938,74.0,73.5999984741211,73.62000274658203,73.62000274658203,328100,0.0,0.0
1741375800000,EMBR3,73.63999938964844,73.81999969482422,73.52999877929688,73.5999984741211,73.5999984741211,269200,0.0,0.0
1741376700000,EMBR3,73.62000274658203,73.66000366210938,73.38999938964844,73.41999816894531,73.41999816894531,219500,0.0,0.0
1741611600000,EMBR3,73.16000366210938,73.55000305175781,72.91999816894531,73.51000213623047,73.51000213623047,124700,0.0,0.0
1741612500000,EMBR3,73.51000213623047,73.8499984741211,73.3499984741211,73.69999694824219,73.69999694824219,294700,0.0,0.0
1741613400000,EMBR3,73.70999908447266,73.75,73.44000244140625,73.66999816894531,73.66999816894531,752000,0.0,0.0
1741614300000,EMBR3,73.66999816894531,74.54000091552734,73.66999816894531,74.5,74.5,406100,0.0,0.0
1741615200000,EMBR3,74.47000122070312,74.81999969482422,74.27999877929688,74.47000122070312,74.47000122070312,766100,0.0,0.0
1741616100000,EMBR3,74.44999694824219,74.55000305175781,74.12999725341797,74.44999694824219,74.44999694824219,256400,0.0,0.0
1741617000000,EMBR3,74.44000244140625,74.5,74.26000213623047,74.45999908447266,74.45999908447266,219000,0.0,0.0
1741617900000,EMBR3,74.47000122070312,74.4800033569336,74.05000305175781,74.36000061035156,74.36000061035156,185400,0.0,0.0
1741618800000,EMBR3,74.36000061035156,74.62999725341797,74.31999969482422,74.56999969482422,74.56999969482422,497800,0.0,0.0
1741619700000,EMBR3,74.54000091552734,74.63999938964844,74.16000366210938,74.16999816894531,74.16999816894531,458200,0.0,0.0
1741620600000,EMBR3,74.16999816894531,74.2300033569336,73.9000015258789,74.01000213623047,74.01000213623047,209800,0.0,0.0
1741621500000,EMBR3,74.01000213623047,74.19000244140625,73.93000030517578,73.97000122070312,73.97000122070312,165300,0.0,0.0
1741622400000,EMBR3,73.97000122070312,74.1500015258789,73.8499984741211,73.9000015258789,73.9000015258789,123900,0.0,0.0
1741623300000,EMBR3,73.93000030517578,73.93000030517578,73.72000122070312,73.86000061035156,73.86000061035156,248300,0.0,0.0
1741624200000,EMBR3,73.87000274658203,74.2699966430664,73.86000061035156,74.2699966430664,74.2699966430664,167700,0.0,0.0
1741625100000,EMBR3,74.2699966430664,74.43000030517578,74.2300033569336,74.2300033569336,74.2300033569336,67200,0.0,0.0
1741626000000,EMBR3,74.23999786376953,74.26000213623047,74.0,74.18000030517578,74.18000030517578,76800,0.0,0.0
1741626900000,EMBR3,74.16999816894531,74.4000015258789,74.16000366210938,74.2300033569336,74.2300033569336,101700,0.0,0.0
1741627800000,EMBR3,74.2300033569336,74.43000030517578,74.1500015258789,74.3499984741211,74.3499984741211,142200,0.0,0.0
1741628700000,EMBR3,74.3499984741211,74.5,74.31999969482422,74.37000274658203,74.37000274658203,256200,0.0,0.0
1741629600000,EMBR3,74.33999633789062,74.4000015258789,74.2300033569336,74.2699966430664,74.2699966430664,163100,0.0,0.0
1741630500000,EMBR3,74.2699966430664,74.44999694824219,74.25,74.43000030517578,74.43000030517578,143700,0.0,0.0
1741631400000,EMBR3,74.43000030517578,74.55000305175781,74.4000015258789,74.4800033569336,74.4800033569336,364400,0.0,0.0
1741632300000,EMBR3,74.4800033569336,74.5,74.33000183105469,74.48999786376953,74.48999786376953,203600,0.0,0.0
1741633200000,EMBR3,74.48999786376953,74.52999877929688,74.37999725341797,74.5,74.5,232100,0.0,0.0
1741634100000,EMBR3,74.5,74.5199966430664,74.4000015258789,74.44000244140625,74.44000244140625,400800,0.0,0.0
1741635000000,EMBR3,74.44000244140625,74.62000274658203,74.43000030517578,74.4800033569336,74.4800033569336,686500,0.0,0.0
1741635900000,EMBR3,74.4800033569336,74.52999877929688,74.13999938964844,74.19999694824219,74.19999694824219,904000,0.0,0.0
1741698000000,EMBR3,74.3499984741211,74.3499984741211,73.36000061035156,73.52999877929688,73.52999877929688,134300,0.0,0.0
1741698900000,EMBR3,73.48999786376953,73.52999877929688,72.81999969482422,73.19000244140625,73.19000244140625,486500,0.0,0.0
1741699800000,EMBR3,73.1500015258789,74.2300033569336,73.05999755859375,73.87999725341797,73.87999725341797,730600,0.0,0.0
1741700700000,EMBR3,73.87999725341797,74.08999633789062,73.55999755859375,74.01000213623047,74.01000213623047,338400,0.0,0.0
1741701600000,EMBR3,73.9800033569336,74.16000366210938,73.23999786376953,73.2699966430664,73.2699966430664,317900,0.0,0.0
1741702500000,EMBR3,73.25,73.66000366210938,73.22000122070312,73.30000305175781,73.30000305175781,403300,0.0,0.0
1741703400000,EMBR3,73.30000305175781,73.41999816894531,73.0199966430664,73.11000061035156,73.11000061035156,180000,0.0,0.0
1741704300000,EMBR3,73.11000061035156,73.45999908447266,73.08000183105469,73.3499984741211,73.3499984741211,218000,0.0,0.0
1741705200000,EMBR3,73.30999755859375,73.5999984741211,73.2699966430664,73.37999725341797,73.37999725341797,139500,0.0,0.0
1741706100000,EMBR3,73.37999725341797,73.56999969482422,73.3499984741211,73.43000030517578,73.43000030517578,166500,0.0,0.0
1741707000000,EMBR3,73.43000030517578,73.75,73.29000091552734,73.30000305175781,73.30000305175781,358800,0.0,0.0
1741707900000,EMBR3,73.30000305175781,73.75,73.27999877929688,73.5199966430664,73.5199966430664,284900,0.0,0.0
1741708800000,EMBR3,73.52999877929688,73.52999877929688,73.12000274658203,73.12999725341797,73.12999725341797,198500,0.0,0.0
1741709700000,EMBR3,73.12999725341797,73.37000274658203,73.11000061035156,73.33000183105469,73.33000183105469,97800,0.0,0.0
1741710600000,EMBR3,73.3499984741211,73.43000030517578,73.23999786376953,73.30000305175781,73.30000305175781,88100,0.0,0.0
1741711500000,EMBR3,73.29000091552734,73.30999755859375,72.94000244140625,73.01000213623047,73.01000213623047,104500,0.0,0.0
1741712400000,EMBR3,73.0199966430664,73.06999969482422,72.87999725341797,72.9800033569336,72.9800033569336,101600,0.0,0.0
1741713300000,EMBR3,72.95999908447266,73.0199966430664,72.75,72.87999725341797,72.87999725341797,93700,0.0,0.0
1741714200000,EMBR3,72.83999633789062,72.9800033569336,72.81999969482422,72.94999694824219,72.94999694824219,98000,0.0,0.0
1741715100000,EMBR3,72.94999694824219,73.11000061035156,72.91000366210938,73.0,73.0,182300,0.0,0.0
1741716000000,EMBR3,73.0,73.62000274658203,73.0,73.37000274658203,73.37000274658203,399700,0.0,0.0
1741716900000,EMBR3,73.3499984741211,73.48999786376953,73.2699966430664,73.33999633789062,73.33999633789062,128700,0.0,0.0
1741717800000,EMBR3,73.33999633789062,73.4000015258789,73.1500015258789,73.37000274658203,73.37000274658203,162300,0.0,0.0
1741718700000,EMBR3,73.4000015258789,73.41999816894531,73.08000183105469,73.33000183105469,73.33000183105469,452000,0.0,0.0
1741719600000,EMBR3,73.33000183105469,73.3499984741211,72.97000122070312,73.01000213623047,73.01000213623047,358800,0.0,0.0
1741720500000,EMBR3,73.0,73.02999877929688,72.80999755859375,72.8499984741211,72.8499984741211,258900,0.0,0.0
1741721400000,EMBR3,72.86000061035156,73.4000015258789,72.81999969482422,73.4000015258789,73.4000015258789,356300,0.0,0.0
1741722300000,EMBR3,73.37999725341797,73.54000091552734,73.29000091552734,73.4000015258789,73.4000015258789,305300,0.0,0.0
1741784400000,EMBR3,73.12999725341797,73.66000366210938,73.12999725341797,73.4000015258789,73.4000015258789,145800,0.0,0.0
1741785300000,EMBR3,73.43000030517578,73.48999786376953,73.0,73.0199966430664,73.0199966430664,108000,0.0,0.0
1741786200000,EMBR3,73.0,73.41000366210938,72.62000274658203,73.27999877929688,73.27999877929688,423900,0.0,0.0
1741787100000,EMBR3,73.27999877929688,73.3499984741211,72.8499984741211,72.9800033569336,72.9800033569336,181000,0.0,0.0
1741788000000,EMBR3,72.98999786376953,73.36000061035156,72.7699966430664,73.25,73.25,283200,0.0,0.0
1741788900000,EMBR3,73.25,73.62999725341797,73.05000305175781,73.55000305175781,73.55000305175781,401300,0.0,0.0
1741789800000,EMBR3,73.55000305175781,73.5999984741211,73.16000366210938,73.4000015258789,73.4000015258789,288000,0.0,0.0
1741790700000,EMBR3,73.4000015258789,73.41999816894531,73.12000274658203,73.29000091552734,73.29000091552734,176100,0.0,0.0
1741791600000,EMBR3,73.27999877929688,73.4000015258789,73.08999633789062,73.2300033569336,73.2300033569336,163500,0.0,0.0
1741792500000,EMBR3,73.25,73.37999725341797,73.20999908447266,73.26000213623047,73.26000213623047,147900,0.0,0.0
1741793400000,EMBR3,73.30000305175781,73.45999908447266,73.2300033569336,73.4000015258789,73.4000015258789,163800,0.0,0.0
1741794300000,EMBR3,73.4000015258789,73.63999938964844,73.29000091552734,73.38999938964844,73.38999938964844,242900,0.0,0.0
1741795200000,EMBR3,73.41000366210938,73.58999633789062,73.23999786376953,73.51000213623047,73.51000213623047,170200,0.0,0.0
1741796100000,EMBR3,73.54000091552734,74.05000305175781,73.47000122070312,73.94000244140625,73.94000244140625,265800,0.0,0.0
1741797000000,EMBR3,73.95999908447266,74.1500015258789,73.55000305175781,73.58000183105469,73.58000183105469,305700,0.0,0.0
1741797900000,EMBR3,73.55000305175781,73.83000183105469,73.52999877929688,73.61000061035156,73.61000061035156,296600,0.0,0.0
1741798800000,EMBR3,73.5999984741211,73.62000274658203,73.36000061035156,73.4000015258789,73.4000015258789,161100,0.0,0.0
1741799700000,EMBR3,73.38999938964844,73.44999694824219,73.19999694824219,73.22000122070312,73.22000122070312,104300,0.0,0.0
1741800600000,EMBR3,73.20999908447266,73.30000305175781,72.94000244140625,72.94999694824219,72.94999694824219,128500,0.0,0.0
1741801500000,EMBR3,72.93000030517578,72.98999786376953,72.41000366210938,72.5999984741211,72.5999984741211,184800,0.0,0.0
1741802400000,EMBR3,72.5999984741211,72.86000061035156,72.52999877929688,72.80999755859375,72.80999755859375,166000,0.0,0.0
1741803300000,EMBR3,72.7699966430664,72.7699966430664,72.5199966430664,72.72000122070312,72.72000122070312,132300,0.0,0.0
1741804200000,EMBR3,72.70999908447266,72.79000091552734,72.52999877929688,72.5999984741211,72.5999984741211,133800,0.0,0.0
1741805100000,EMBR3,72.56999969482422,72.87999725341797,72.55000305175781,72.81999969482422,72.81999969482422,171400,0.0,0.0
1741806000000,EMBR3,72.79000091552734,72.87999725341797,72.63999938964844,72.79000091552734,72.79000091552734,134600,0.0,0.0
1741806900000,EMBR3,72.7699966430664,72.8499984741211,72.69000244140625,72.80000305175781,72.80000305175781,153100,0.0,0.0
1741807800000,EMBR3,72.77999877929688,73.01000213623047,72.66000366210938,72.95999908447266,72.95999908447266,229300,0.0,0.0
1741808700000,EMBR3,72.94999694824219,73.33999633789062,72.93000030517578,73.1500015258789,73.1500015258789,393600,0.0,0.0
1741870800000,EMBR3,73.0,73.44999694824219,72.87000274658203,72.93000030517578,72.93000030517578,69400,0.0,0.0
1741871700000,EMBR3,73.0,73.30000305175781,72.83000183105469,73.19999694824219,73.19999694824219,120900,0.0,0.0
1741872600000,EMBR3,73.29000091552734,73.4000015258789,72.9800033569336,73.29000091552734,73.29000091552734,234100,0.0,0.0
1741873500000,EMBR3,73.29000091552734,73.38999938964844,73.05000305175781,73.08000183105469,73.08000183105469,186900,0.0,0.0
1741874400000,EMBR3,73.08999633789062,73.44000244140625,72.8499984741211,73.26000213623047,73.26000213623047,120200,0.0,0.0
1741875300000,EMBR3,73.26000213623047,73.6500015258789,73.20999908447266,73.56999969482422,73.56999969482422,162600,0.0,0.0
1741876200000,EMBR3,73.58000183105469,73.69000244140625,73.4000015258789,73.58000183105469,73.58000183105469,87400,0.0,0.0
1741877100000,EMBR3,73.55999755859375,73.98999786376953,73.4000015258789,73.91999816894531,73.91999816894531,107800,0.0,0.0
1741878000000,EMBR3,73.88999938964844,74.0,73.62999725341797,73.72000122070312,73.72000122070312,128000,0.0,0.0
1741878900000,EMBR3,73.75,73.86000061035156,73.62000274658203,73.7699966430664,73.7699966430664,114600,0.0,0.0
1741879800000,EMBR3,73.7699966430664,73.9800033569336,73.6500015258789,73.94999694824219,73.94999694824219,136400,0.0,0.0
1741880700000,EMBR3,73.93000030517578,74.0,73.83000183105469,73.95999908447266,73.95999908447266,79500,0.0,0.0
1741881600000,EMBR3,73.98999786376953,74.25,73.91000366210938,74.25,74.25,148400,0.0,0.0
1741882500000,EMBR3,74.23999786376953,74.5,74.16000366210938,74.47000122070312,74.47000122070312,93200,0.0,0.0
1741883400000,EMBR3,74.44999694824219,74.5,74.02999877929688,74.06999969482422,74.06999969482422,164800,0.0,0.0
1741884300000,EMBR3,74.0999984741211,74.47000122070312,73.95999908447266,74.44999694824219,74.44999694824219,117600,0.0,0.0
1741885200000,EMBR3,74.44000244140625,74.5,74.33000183105469,74.37999725341797,74.37999725341797,53100,0.0,0.0
1741886100000,EMBR3,74.38999938964844,74.41000366210938,74.19999694824219,74.26000213623047,74.26000213623047,59900,0.0,0.0
1741887000000,EMBR3,74.27999877929688,74.31999969482422,73.8499984741211,73.88999938964844,73.88999938964844,98300,0.0,0.0
1741887900000,EMBR3,73.9000015258789,73.94000244140625,73.6500015258789,73.80000305175781,73.80000305175781,147900,0.0,0.0
1741888800000,EMBR3,73.80000305175781,73.88999938964844,73.7300033569336,73.80999755859375,73.80999755859375,130000,0.0,0.0
1741889700000,EMBR3,73.80999755859375,74.06999969482422,73.76000213623047,74.05000305175781,74.05000305175781,149000,0.0,0.0
1741890600000,EMBR3,74.02999877929688,74.19999694824219,74.01000213623047,74.0999984741211,74.0999984741211,136900,0.0,0.0
1741891500000,EMBR3,74.0999984741211,74.1500015258789,73.91000366210938,74.08000183105469,74.08000183105469,92700,0.0,0.0
1741892400000,EMBR3,74.08000183105469,74.1500015258789,73.88999938964844,74.01000213623047,74.01000213623047,103000,0.0,0.0
1741893300000,EMBR3,74.01000213623047,74.19000244140625,73.95999908447266,74.1500015258789,74.1500015258789,90100,0.0,0.0
1741894200000,EMBR3,74.1500015258789,74.30000305175781,74.06999969482422,74.29000091552734,74.29000091552734,305300,0.0,0.0
1741895100000,EMBR3,74.29000091552734,74.30000305175781,73.87999725341797,74.11000061035156,74.11000061035156,205600,0.0,0.0
1741957200000,EMBR3,74.55000305175781,74.55000305175781,73.69000244140625,74.13999938964844,74.13999938964844,178000,0.0,0.0
1741958100000,EMBR3,74.08999633789062,74.5199966430664,74.08000183105469,74.30999755859375,74.30999755859375,108600,0.0,0.0
1741959000000,EMBR3,74.3499984741211,74.48999786376953,73.9000015258789,74.13999938964844,74.13999938964844,185000,0.0,0.0
1741959900000,EMBR3,74.19000244140625,74.31999969482422,73.8499984741211,74.11000061035156,74.11000061035156,122100,0.0,0.0
1741960800000,EMBR3,74.0999984741211,74.30999755859375,73.91999816894531,74.05000305175781,74.05000305175781,167800,0.0,0.0
1741961700000,EMBR3,74.05000305175781,74.19999694824219,74.01000213623047,74.06999969482422,74.06999969482422,139300,0.0,0.0
1741962600000,EMBR3,74.08999633789062,74.4800033569336,74.0199966430664,74.47000122070312,74.47000122070312,103400,0.0,0.0
1741963500000,EMBR3,74.47000122070312,74.87999725341797,74.31999969482422,74.75,74.75,161900,0.0,0.0
1741964400000,EMBR3,74.77999877929688,74.97000122070312,74.72000122070312,74.8499984741211,74.8499984741211,156800,0.0,0.0
1741965300000,EMBR3,74.86000061035156,75.25,74.75,75.25,75.25,492200,0.0,0.0
1741966200000,EMBR3,75.22000122070312,75.58999633789062,75.05999755859375,75.52999877929688,75.52999877929688,228200,0.0,0.0
1741967100000,EMBR3,75.52999877929688,75.7300033569336,75.45999908447266,75.69000244140625,75.69000244140625,114100,0.0,0.0
1741968000000,EMBR3,75.69999694824219,75.83999633789062,75.58999633789062,75.68000030517578,75.68000030517578,120400,0.0,0.0
1741968900000,EMBR3,75.66999816894531,75.75,75.27999877929688,75.41999816894531,75.41999816894531,173200,0.0,0.0
1741969800000,EMBR3,75.4000015258789,75.63999938964844,75.4000015258789,75.52999877929688,75.52999877929688,216500,0.0,0.0
1741970700000,EMBR3,75.52999877929688,75.79000091552734,75.44999694824219,75.77999877929688,75.77999877929688,126000,0.0,0.0
1741971600000,EMBR3,75.77999877929688,76.12999725341797,75.70999908447266,75.94999694824219,75.94999694824219,158500,0.0,0.0
1741972500000,EMBR3,75.94999694824219,76.0,75.47000122070312,75.55000305175781,75.55000305175781,159700,0.0,0.0
1741973400000,EMBR3,75.54000091552734,75.56999969482422,75.3499984741211,75.37999725341797,75.37999725341797,146500,0.0,0.0
1741974300000,EMBR3,75.37000274658203,75.43000030517578,74.94000244140625,75.16999816894531,75.16999816894531,223000,0.0,0.0
1741975200000,EMBR3,75.16999816894531,75.2300033569336,74.9000015258789,75.08999633789062,75.08999633789062,162400,0.0,0.0
1741976100000,EMBR3,75.08999633789062,75.30000305175781,75.04000091552734,75.22000122070312,75.22000122070312,112800,0.0,0.0
1741977000000,EMBR3,75.20999908447266,75.4000015258789,75.13999938964844,75.33999633789062,75.33999633789062,119500,0.0,0.0
1741977900000,EMBR3,75.33999633789062,75.4000015258789,75.22000122070312,75.26000213623047,75.26000213623047,66700,0.0,0.0
1741978800000,EMBR3,75.27999877929688,75.4000015258789,75.23999786376953,75.30999755859375,75.30999755859375,74800,0.0,0.0
1741979700000,EMBR3,75.31999969482422,75.3499984741211,75.11000061035156,75.16999816894531,75.16999816894531,878700,0.0,0.0
1741980600000,EMBR3,75.16999816894531,75.19000244140625,74.94999694824219,74.95999908447266,74.95999908447266,102900,0.0,0.0
1741981500000,EMBR3,74.95999908447266,75.0199966430664,74.80000305175781,74.94000244140625,74.94000244140625,241100,0.0,0.0
1742216400000,EMBR3,75.44000244140625,75.44000244140625,74.76000213623047,75.2300033569336,75.2300033569336,62500,0.0,0.0
1742217300000,EMBR3,75.20999908447266,75.33000183105469,74.8499984741211,74.93000030517578,74.93000030517578,119000,0.0,0.0
1742218200000,EMBR3,74.91999816894531,75.73999786376953,74.9000015258789,75.72000122070312,75.72000122070312,561600,0.0,0.0
1742219100000,EMBR3,75.72000122070312,76.18000030517578,75.72000122070312,76.0199966430664,76.0199966430664,852900,0.0,0.0
1742220000000,EMBR3,75.9800033569336,76.44000244140625,75.97000122070312,76.33999633789062,76.33999633789062,582700,0.0,0.0
1742220900000,EMBR3,76.36000061035156,76.54000091552734,76.13999938964844,76.45999908447266,76.45999908447266,301400,0.0,0.0
1742221800000,EMBR3,76.4800033569336,76.55000305175781,76.27999877929688,76.38999938964844,76.38999938964844,154200,0.0,0.0
1742222700000,EMBR3,76.38999938964844,76.55000305175781,76.30000305175781,76.51000213623047,76.51000213623047,166100,0.0,0.0
1742223600000,EMBR3,76.5,77.04000091552734,76.47000122070312,76.91999816894531,76.91999816894531,374200,0.0,0.0
1742224500000,EMBR3,76.95999908447266,77.22000122070312,76.9000015258789,77.08999633789062,77.08999633789062,396200,0.0,0.0
1742225400000,EMBR3,77.11000061035156,77.58000183105469,77.0199966430664,77.48999786376953,77.48999786376953,223700,0.0,0.0
1742226300000,EMBR3,77.48999786376953,77.58000183105469,77.30000305175781,77.5,77.5,213700,0.0,0.0
1742227200000,EMBR3,77.5,77.7699966430664,77.44000244140625,77.70999908447266,77.70999908447266,310000,0.0,0.0
1742228100000,EMBR3,77.69999694824219,77.75,77.52999877929688,77.69999694824219,77.69999694824219,129600,0.0,0.0
1742229000000,EMBR3,77.69000244140625,77.72000122070312,77.12000274658203,77.25,77.25,181700,0.0,0.0
1742229900000,EMBR3,77.23999786376953,77.31999969482422,77.13999938964844,77.19999694824219,77.19999694824219,73700,0.0,0.0
1742230800000,EMBR3,77.18000030517578,77.45999908447266,77.16000366210938,77.30999755859375,77.30999755859375,111500,0.0,0.0
1742231700000,EMBR3,77.30999755859375,77.9000015258789,77.20999908447266,77.7699966430664,77.7699966430664,250000,0.0,0.0
1742232600000,EMBR3,77.7699966430664,77.80000305175781,77.36000061035156,77.54000091552734,77.54000091552734,496500,0.0,0.0
1742233500000,EMBR3,77.54000091552734,77.66999816894531,77.36000061035156,77.62000274658203,77.62000274658203,182900,0.0,0.0
1742234400000,EMBR3,77.62000274658203,77.80000305175781,77.52999877929688,77.66999816894531,77.66999816894531,293300,0.0,0.0
1742235300000,EMBR3,77.68000030517578,78.18000030517578,77.66000366210938,77.94999694824219,77.94999694824219,427200,0.0,0.0
1742236200000,EMBR3,77.94000244140625,78.0,77.7699966430664,77.86000061035156,77.86000061035156,138700,0.0,0.0
1742237100000,EMBR3,77.86000061035156,77.98999786376953,77.7699966430664,77.7699966430664,77.7699966430664,148600,0.0,0.0
1742238000000,EMBR3,77.7699966430664,77.80000305175781,77.63999938964844,77.68000030517578,77.68000030517578,192100,0.0,0.0
1742238900000,EMBR3,77.69000244140625,77.93000030517578,77.6500015258789,77.77999877929688,77.77999877929688,324400,0.0,0.0
1742239800000,EMBR3,77.7699966430664,77.88999938964844,77.66999816894531,77.8499984741211,77.8499984741211,310400,0.0,0.0
1742240700000,EMBR3,77.8499984741211,77.87999725341797,77.68000030517578,77.69000244140625,77.69000244140625,180800,0.0,0.0
1742302800000,EMBR3,77.02999877929688,78.29000091552734,77.02999877929688,77.95999908447266,77.95999908447266,263900,0.0,0.0
1742303700000,EMBR3,77.94000244140625,78.37999725341797,77.68000030517578,78.16999816894531,78.16999816894531,286400,0.0,0.0
1742304600000,EMBR3,78.16000366210938,78.19000244140625,77.31999969482422,77.44000244140625,77.44000244140625,240200,0.0,0.0
1742305500000,EMBR3,77.41999816894531,77.63999938964844,77.33999633789062,77.37999725341797,77.37999725341797,143900,0.0,0.0
1742306400000,EMBR3,77.4000015258789,77.5,77.2300033569336,77.4000015258789,77.4000015258789,124800,0.0,0.0
1742307300000,EMBR3,77.4000015258789,77.58000183105469,77.29000091552734,77.58000183105469,77.58000183105469,105000,0.0,0.0
1742308200000,EMBR3,77.56999969482422,77.66999816894531,77.43000030517578,77.43000030517578,77.43000030517578,146900,0.0,0.0
1742309100000,EMBR3,77.45999908447266,77.7300033569336,77.41999816894531,77.55999755859375,77.55999755859375,85400,0.0,0.0
1742310000000,EMBR3,77.55000305175781,77.69999694824219,77.44999694824219,77.69999694824219,77.69999694824219,122200,0.0,0.0
1742310900000,EMBR3,77.69999694824219,77.81999969482422,77.55000305175781,77.68000030517578,77.68000030517578,151700,0.0,0.0
1742311800000,EMBR3,77.70999908447266,77.79000091552734,77.66000366210938,77.7699966430664,77.7699966430664,81000,0.0,0.0
1742312700000,EMBR3,77.7699966430664,77.80999755859375,77.66000366210938,77.7699966430664,77.7699966430664,95300,0.0,0.0
1742313600000,EMBR3,77.76000213623047,77.95999908447266,77.75,77.93000030517578,77.93000030517578,135700,0.0,0.0
1742314500000,EMBR3,77.94000244140625,77.94000244140625,77.68000030517578,77.79000091552734,77.79000091552734,263700,0.0,0.0
1742315400000,EMBR3,77.79000091552734,77.80000305175781,77.58000183105469,77.58999633789062,77.58999633789062,81000,0.0,0.0
1742316300000,EMBR3,77.58999633789062,77.81999969482422,77.58999633789062,77.80999755859375,77.80999755859375,109500,0.0,0.0
1742317200000,EMBR3,77.80000305175781,77.81999969482422,77.70999908447266,77.7699966430664,77.7699966430664,79300,0.0,0.0
1742318100000,EMBR3,77.76000213623047,77.93000030517578,77.61000061035156,77.81999969482422,77.81999969482422,141200,0.0,0.0
1742319000000,EMBR3,77.8499984741211,78.08999633789062,77.79000091552734,77.9000015258789,77.9000015258789,144300,0.0,0.0
1742319900000,EMBR3,77.9000015258789,77.93000030517578,77.77999877929688,77.80000305175781,77.80000305175781,102000,0.0,0.0
1742320800000,EMBR3,77.80000305175781,77.83000183105469,77.6500015258789,77.73999786376953,77.73999786376953,90300,0.0,0.0
1742321700000,EMBR3,77.75,78.11000061035156,77.69000244140625,77.83999633789062,77.83999633789062,134100,0.0,0.0
1742322600000,EMBR3,77.86000061035156,77.97000122070312,77.83999633789062,77.87999725341797,77.87999725341797,77900,0.0,0.0
1742323500000,EMBR3,77.86000061035156,78.08999633789062,77.8499984741211,78.08999633789062,78.08999633789062,92000,0.0,0.0
1742324400000,EMBR3,78.08000183105469,78.19999694824219,78.05000305175781,78.13999938964844,78.13999938964844,127300,0.0,0.0
1742325300000,EMBR3,78.16000366210938,78.2699966430664,78.0,78.06999969482422,78.06999969482422,555400,0.0,0.0
1742326200000,EMBR3,78.08000183105469,78.18000030517578,77.9800033569336,78.0199966430664,78.0199966430664,169200,0.0,0.0
1742327100000,EMBR3,78.0199966430664,78.05000305175781,77.9000015258789,78.02999877929688,78.02999877929688,548700,0.0,0.0
1742389200000,EMBR3,78.19999694824219,78.51000213623047,77.97000122070312,78.3499984741211,78.3499984741211,104400,0.0,0.0
1742390100000,EMBR3,78.31999969482422,78.54000091552734,78.16000366210938,78.4800033569336,78.4800033569336,122700,0.0,0.0
1742391000000,EMBR3,78.44000244140625,79.44000244140625,78.33999633789062,79.44000244140625,79.44000244140625,505200,0.0,0.0
1742391900000,EMBR3,79.44000244140625,79.5999984741211,78.98999786376953,79.4000015258789,79.4000015258789,299300,0.0,0.0
1742392800000,EMBR3,79.4000015258789,79.83000183105469,79.36000061035156,79.5,79.5,410000,0.0,0.0
1742393700000,EMBR3,79.48999786376953,79.58000183105469,79.30000305175781,79.41000366210938,79.41000366210938,179600,0.0,0.0
1742394600000,EMBR3,79.41999816894531,79.52999877929688,79.20999908447266,79.23999786376953,79.23999786376953,104700,0.0,0.0
1742395500000,EMBR3,79.22000122070312,79.38999938964844,79.13999938964844,79.23999786376953,79.23999786376953,130600,0.0,0.0
1742396400000,EMBR3,79.23999786376953,79.44999694824219,79.22000122070312,79.3499984741211,79.3499984741211,114700,0.0,0.0
1742397300000,EMBR3,79.33999633789062,79.41999816894531,79.20999908447266,79.36000061035156,79.36000061035156,77100,0.0,0.0
1742398200000,EMBR3,79.37000274658203,79.79000091552734,79.33999633789062,79.7300033569336,79.7300033569336,216100,0.0,0.0
1742399100000,EMBR3,79.69999694824219,79.73999786376953,79.56999969482422,79.62000274658203,79.62000274658203,132100,0.0,0.0
1742400000000,EMBR3,79.62000274658203,79.7699966430664,79.45999908447266,79.51000213623047,79.51000213623047,108500,0.0,0.0
1742400900000,EMBR3,79.51000213623047,79.5999984741211,79.41999816894531,79.45999908447266,79.45999908447266,150600,0.0,0.0
1742401800000,EMBR3,79.44999694824219,79.55999755859375,79.41999816894531,79.5199966430664,79.5199966430664,102600,0.0,0.0
1742402700000,EMBR3,79.5199966430664,79.5199966430664,79.36000061035156,79.43000030517578,79.43000030517578,100600,0.0,0.0
1742403600000,EMBR3,79.4000015258789,79.52999877929688,79.13999938964844,79.19000244140625,79.19000244140625,132700,0.0,0.0
1742404500000,EMBR3,79.16999816894531,79.22000122070312,78.80999755859375,78.80999755859375,78.80999755859375,162200,0.0,0.0
1742405400000,EMBR3,78.80000305175781,79.08000183105469,78.73999786376953,78.8499984741211,78.8499984741211,176600,0.0,0.0
1742406300000,EMBR3,78.81999969482422,79.01000213623047,78.77999877929688,78.9000015258789,78.9000015258789,134600,0.0,0.0
1742407200000,EMBR3,78.87999725341797,79.19000244140625,78.83000183105469,78.98999786376953,78.98999786376953,1519500,0.0,0.0
1742408100000,EMBR3,78.95999908447266,79.0199966430664,78.81999969482422,78.87999725341797,78.87999725341797,136600,0.0,0.0
1742409000000,EMBR3,78.86000061035156,79.2300033569336,78.86000061035156,79.19999694824219,79.19999694824219,214500,0.0,0.0
1742409900000,EMBR3,79.19999694824219,79.47000122070312,79.11000061035156,79.41999816894531,79.41999816894531,165000,0.0,0.0
1742410800000,EMBR3,79.41999816894531,79.4800033569336,79.20999908447266,79.31999969482422,79.31999969482422,133600,0.0,0.0
1742411700000,EMBR3,79.30000305175781,79.37999725341797,79.08000183105469,79.0999984741211,79.0999984741211,114500,0.0,0.0
1742412600000,EMBR3,79.08999633789062,79.16000366210938,78.94999694824219,79.0999984741211,79.0999984741211,128500,0.0,0.0
1742413500000,EMBR3,79.0999984741211,79.30000305175781,79.08000183105469,79.19999694824219,79.19999694824219,150400,0.0,0.0
1742475600000,EMBR3,79.30000305175781,79.33000183105469,78.56999969482422,78.62000274658203,78.62000274658203,162700,0.0,0.0
1742476500000,EMBR3,78.6500015258789,78.6500015258789,77.25,77.30999755859375,77.30999755859375,453100,0.0,0.0
1742477400000,EMBR3,77.26000213623047,78.55999755859375,77.23999786376953,77.80999755859375,77.80999755859375,728700,0.0,0.0
1742478300000,EMBR3,77.80999755859375,77.94000244140625,77.05999755859375,77.12999725341797,77.12999725341797,351000,0.0,0.0
1742479200000,EMBR3,77.08000183105469,77.12000274658203,76.5999984741211,76.66999816894531,76.66999816894531,364200,0.0,0.0
1742480100000,EMBR3,76.68000030517578,76.69999694824219,76.16000366210938,76.37999725341797,76.37999725341797,459700,0.0,0.0
1742481000000,EMBR3,76.37999725341797,76.86000061035156,76.33000183105469,76.58999633789062,76.58999633789062,309200,0.0,0.0
1742481900000,EMBR3,76.61000061035156,76.61000061035156,76.0,76.44000244140625,76.44000244140625,327000,0.0,0.0
1742482800000,EMBR3,76.44000244140625,76.48999786376953,76.01000213623047,76.19000244140625,76.19000244140625,204100,0.0,0.0
1742483700000,EMBR3,76.22000122070312,76.22000122070312,75.87999725341797,76.02999877929688,76.02999877929688,178900,0.0,0.0
1742484600000,EMBR3,76.04000091552734,76.05000305175781,75.5999984741211,75.70999908447266,75.70999908447266,381900,0.0,0.0
1742485500000,EMBR3,75.73999786376953,75.75,75.12999725341797,75.27999877929688,75.27999877929688,418000,0.0,0.0
1742486400000,EMBR3,75.25,75.55000305175781,75.05000305175781,75.33999633789062,75.33999633789062,487400,0.0,0.0
1742487300000,EMBR3,75.3499984741211,75.3499984741211,74.8499984741211,74.91000366210938,74.91000366210938,231100,0.0,0.0
1742488200000,EMBR3,74.87999725341797,75.18000030517578,74.6500015258789,74.69999694824219,74.69999694824219,241600,0.0,0.0
1742489100000,EMBR3,74.70999908447266,74.86000061035156,74.3499984741211,74.45999908447266,74.45999908447266,250500,0.0,0.0
1742490000000,EMBR3,74.45999908447266,74.45999908447266,74.1500015258789,74.22000122070312,74.22000122070312,393700,0.0,0.0
1742490900000,EMBR3,74.22000122070312,74.4000015258789,74.05000305175781,74.12000274658203,74.12000274658203,184000,0.0,0.0
1742491800000,EMBR3,74.08999633789062,74.37000274658203,74.08999633789062,74.25,74.25,172600,0.0,0.0
1742492700000,EMBR3,74.23999786376953,74.30000305175781,73.80999755859375,73.8499984741211,73.8499984741211,241800,0.0,0.0
1742493600000,EMBR3,73.86000061035156,73.94000244140625,73.2300033569336,73.3499984741211,73.3499984741211,476300,0.0,0.0
1742494500000,EMBR3,73.38999938964844,73.58000183105469,73.30000305175781,73.36000061035156,73.36000061035156,336600,0.0,0.0
1742495400000,EMBR3,73.37999725341797,73.37999725341797,72.72000122070312,72.80000305175781,72.80000305175781,604800,0.0,0.0
1742496300000,EMBR3,72.81999969482422,73.4000015258789,72.7699966430664,73.4000015258789,73.4000015258789,450300,0.0,0.0
1742497200000,EMBR3,73.36000061035156,73.41999816894531,73.05999755859375,73.13999938964844,73.13999938964844,506500,0.0,0.0
1742498100000,EMBR3,73.12999725341797,73.25,72.87999725341797,73.20999908447266,73.20999908447266,366600,0.0,0.0
1742499000000,EMBR3,73.22000122070312,73.6500015258789,73.08999633789062,73.62000274658203,73.62000274658203,581200,0.0,0.0
1742499900000,EMBR3,73.62000274658203,73.93000030517578,73.61000061035156,73.93000030517578,73.93000030517578,426600,0.0,0.0
1742562000000,EMBR3,73.77999877929688,74.55000305175781,73.77999877929688,74.0,74.0,215900,0.0,0.0
1742562900000,EMBR3,73.9800033569336,74.37000274658203,73.5,73.5199966430664,73.5199966430664,254000,0.0,0.0
1742563800000,EMBR3,73.5,74.37999725341797,73.2300033569336,74.37000274658203,74.37000274658203,638700,0.0,0.0
1742564700000,EMBR3,74.33000183105469,74.86000061035156,73.94000244140625,74.77999877929688,74.77999877929688,343300,0.0,0.0
1742565600000,EMBR3,74.76000213623047,75.95999908447266,74.72000122070312,75.95999908447266,75.95999908447266,491600,0.0,0.0
1742566500000,EMBR3,75.97000122070312,75.98999786376953,74.94000244140625,75.0999984741211,75.0999984741211,463800,0.0,0.0
1742567400000,EMBR3,75.12999725341797,75.62999725341797,75.04000091552734,75.33000183105469,75.33000183105469,380500,0.0,0.0
1742568300000,EMBR3,75.33999633789062,75.4800033569336,74.95999908447266,75.11000061035156,75.11000061035156,225000,0.0,0.0
1742569200000,EMBR3,75.0999984741211,75.25,75.01000213623047,75.04000091552734,75.04000091552734,196900,0.0,0.0
1742570100000,EMBR3,75.04000091552734,75.11000061035156,74.62000274658203,74.7699966430664,74.7699966430664,289300,0.0,0.0
1742571000000,EMBR3,74.7699966430664,74.83000183105469,74.20999908447266,74.22000122070312,74.22000122070312,209900,0.0,0.0
1742571900000,EMBR3,74.26000213623047,74.30999755859375,74.0,74.19999694824219,74.19999694824219,194300,0.0,0.0
1742572800000,EMBR3,74.16999816894531,74.19999694824219,73.87999725341797,73.97000122070312,73.97000122070312,241500,0.0,0.0
1742573700000,EMBR3,73.97000122070312,74.5,73.88999938964844,74.37999725341797,74.37999725341797,211300,0.0,0.0
1742574600000,EMBR3,74.37999725341797,74.48999786376953,74.08000183105469,74.47000122070312,74.47000122070312,240700,0.0,0.0
1742575500000,EMBR3,74.44000244140625,74.69999694824219,74.31999969482422,74.52999877929688,74.52999877929688,208800,0.0,0.0
1742576400000,EMBR3,74.52999877929688,74.83000183105469,74.36000061035156,74.37000274658203,74.37000274658203,170900,0.0,0.0
1742577300000,EMBR3,74.37000274658203,74.68000030517578,74.37000274658203,74.66000366210938,74.66000366210938,209700,0.0,0.0
1742578200000,EMBR3,74.66000366210938,74.77999877929688,74.56999969482422,74.66000366210938,74.66000366210938,188400,0.0,0.0
1742579100000,EMBR3,74.66000366210938,74.77999877929688,74.62000274658203,74.77999877929688,74.77999877929688,169600,0.0,0.0
1742580000000,EMBR3,74.7699966430664,75.11000061035156,74.7699966430664,74.98999786376953,74.98999786376953,270000,0.0,0.0
1742580900000,EMBR3,75.0,75.08999633789062,74.86000061035156,74.9000015258789,74.9000015258789,197700,0.0,0.0
1742581800000,EMBR3,74.87999725341797,74.91999816894531,74.69999694824219,74.80999755859375,74.80999755859375,181000,0.0,0.0
1742582700000,EMBR3,74.80999755859375,74.91000366210938,74.73999786376953,74.87000274658203,74.87000274658203,200700,0.0,0.0
1742583600000,EMBR3,74.87999725341797,74.88999938964844,74.36000061035156,74.41999816894531,74.41999816894531,258300,0.0,0.0
1742584500000,EMBR3,74.41999816894531,74.43000030517578,74.05000305175781,74.11000061035156,74.11000061035156,353500,0.0,0.0
1742585400000,EMBR3,74.12000274658203,74.33999633789062,74.05999755859375,74.30999755859375,74.30999755859375,246500,0.0,0.0
1742586300000,EMBR3,74.27999877929688,74.7699966430664,74.27999877929688,74.7699966430664,74.7699966430664,127400,0.0,0.0
1742821200000,EMBR3,74.75,74.8499984741211,73.0,73.38999938964844,73.38999938964844,121500,0.0,0.0
1742822100000,EMBR3,73.44999694824219,73.69000244140625,73.05000305175781,73.0999984741211,73.0999984741211,226200,0.0,0.0
1742823000000,EMBR3,73.18000030517578,73.25,72.31999969482422,72.5,72.5,408600,0.0,0.0
1742823900000,EMBR3,72.55999755859375,72.62999725341797,72.0,72.16999816894531,72.16999816894531,317700,0.0,0.0
1742824800000,EMBR3,72.16999816894531,72.2300033569336,71.23999786376953,71.37000274658203,71.37000274658203,568600,0.0,0.0
1742825700000,EMBR3,71.37000274658203,71.6500015258789,71.08000183105469,71.19999694824219,71.19999694824219,369400,0.0,0.0
1742826600000,EMBR3,71.18000030517578,71.61000061035156,70.7300033569336,70.79000091552734,70.79000091552734,448400,0.0,0.0
1742827500000,EMBR3,70.76000213623047,71.3499984741211,70.7300033569336,71.30999755859375,71.30999755859375,293400,0.0,0.0
1742828400000,EMBR3,71.27999877929688,71.43000030517578,70.93000030517578,71.25,71.25,290400,0.0,0.0
1742829300000,EMBR3,71.23999786376953,71.69000244140625,71.1500015258789,71.5999984741211,71.5999984741211,218100,0.0,0.0
1742830200000,EMBR3,71.61000061035156,71.95999908447266,71.52999877929688,71.56999969482422,71.56999969482422,210700,0.0,0.0
1742831100000,EMBR3,71.56999969482422,71.7300033569336,71.51000213623047,71.58999633789062,71.58999633789062,102100,0.0,0.0
1742832000000,EMBR3,71.5999984741211,71.69000244140625,71.31999969482422,71.56999969482422,71.56999969482422,182600,0.0,0.0
1742832900000,EMBR3,71.56999969482422,71.8499984741211,71.4800033569336,71.8499984741211,71.8499984741211,132100,0.0,0.0
1742833800000,EMBR3,71.80999755859375,72.0199966430664,71.69999694824219,71.94000244140625,71.94000244140625,237500,0.0,0.0
1742834700000,EMBR3,71.91999816894531,72.0,71.76000213623047,71.98999786376953,71.98999786376953,152400,0.0,0.0
1742835600000,EMBR3,71.9800033569336,72.12999725341797,71.94999694824219,72.05000305175781,72.05000305175781,140900,0.0,0.0
1742836500000,EMBR3,72.05000305175781,72.08000183105469,71.55999755859375,71.62999725341797,71.62999725341797,251300,0.0,0.0
1742837400000,EMBR3,71.61000061035156,71.63999938964844,71.4800033569336,71.5999984741211,71.5999984741211,98800,0.0,0.0
1742838300000,EMBR3,71.5999984741211,71.63999938964844,71.16999816894531,71.26000213623047,71.26000213623047,168300,0.0,0.0
1742839200000,EMBR3,71.2300033569336,71.2300033569336,70.8499984741211,71.08000183105469,71.08000183105469,196400,0.0,0.0
1742840100000,EMBR3,71.06999969482422,71.2300033569336,70.80999755859375,70.86000061035156,70.86000061035156,194300,0.0,0.0
1742841000000,EMBR3,70.83999633789062,71.05999755859375,70.83000183105469,70.88999938964844,70.88999938964844,150300,0.0,0.0
1742841900000,EMBR3,70.88999938964844,70.95999908447266,70.51000213623047,70.55999755859375,70.55999755859375,358800,0.0,0.0
1742842800000,EMBR3,70.55999755859375,70.8499984741211,70.5,70.73999786376953,70.73999786376953,169700,0.0,0.0
1742843700000,EMBR3,70.70999908447266,71.33000183105469,70.70999908447266,71.27999877929688,71.27999877929688,321200,0.0,0.0
1742844600000,EMBR3,71.2300033569336,71.62000274658203,71.0199966430664,71.12000274658203,71.12000274658203,332000,0.0,0.0
1742845500000,EMBR3,71.12000274658203,71.2699966430664,71.05000305175781,71.12999725341797,71.12999725341797,183400,0.0,0.0
1742907600000,EMBR3,71.62000274658203,72.0,70.94999694824219,70.94999694824219,70.94999694824219,172400,0.0,0.0
1742908500000,EMBR3,70.94000244140625,70.94000244140625,70.5,70.5,70.5,226900,0.0,0.0
1742909400000,EMBR3,70.5,71.16000366210938,70.48999786376953,70.66000366210938,70.66000366210938,329200,0.0,0.0
1742910300000,EMBR3,70.66000366210938,70.70999908447266,70.22000122070312,70.55999755859375,70.55999755859375,536900,0.0,0.0
1742911200000,EMBR3,70.55999755859375,70.9800033569336,70.41000366210938,70.93000030517578,70.93000030517578,202400,0.0,0.0
1742912100000,EMBR3,70.93000030517578,71.02999877929688,70.63999938964844,70.88999938964844,70.88999938964844,132000,0.0,0.0
1742913000000,EMBR3,70.87999725341797,71.19999694824219,70.81999969482422,71.04000091552734,71.04000091552734,120000,0.0,0.0
1742913900000,EMBR3,71.02999877929688,71.11000061035156,70.44999694824219,70.4800033569336,70.4800033569336,112200,0.0,0.0
1742914800000,EMBR3,70.4800033569336,70.77999877929688,70.44999694824219,70.66999816894531,70.66999816894531,93300,0.0,0.0
1742915700000,EMBR3,70.66999816894531,70.80000305175781,70.63999938964844,70.76000213623047,70.76000213623047,92100,0.0,0.0
1742916600000,EMBR3,70.77999877929688,70.80000305175781,70.5999984741211,70.69000244140625,70.69000244140625,136700,0.0,0.0
1742917500000,EMBR3,70.69000244140625,70.73999786376953,70.37999725341797,70.41999816894531,70.41999816894531,175800,0.0,0.0
1742918400000,EMBR3,70.4000015258789,70.4800033569336,70.33999633789062,70.37000274658203,70.37000274658203,82400,0.0,0.0
1742919300000,EMBR3,70.37000274658203,70.44000244140625,70.25,70.26000213623047,70.26000213623047,88700,0.0,0.0
1742920200000,EMBR3,70.2699966430664,70.5,70.22000122070312,70.4800033569336,70.4800033569336,103800,0.0,0.0
1742921100000,EMBR3,70.5,70.5,70.30000305175781,70.45999908447266,70.45999908447266,135100,0.0,0.0
1742922000000,EMBR3,70.45999908447266,70.5,70.33000183105469,70.36000061035156,70.36000061035156,244300,0.0,0.0
1742922900000,EMBR3,70.37000274658203,70.47000122070312,70.31999969482422,70.41999816894531,70.41999816894531,74200,0.0,0.0
1742923800000,EMBR3,70.41000366210938,70.41999816894531,69.94999694824219,69.94999694824219,69.94999694824219,356600,0.0,0.0
1742924700000,EMBR3,69.94999694824219,69.95999908447266,69.63999938964844,69.75,69.75,198300,0.0,0.0
1742925600000,EMBR3,69.76000213623047,69.80000305175781,69.5199966430664,69.58999633789062,69.58999633789062,150500,0.0,0.0
1742926500000,EMBR3,69.58999633789062,69.76000213623047,69.58000183105469,69.69999694824219,69.69999694824219,79300,0.0,0.0
1742927400000,EMBR3,69.72000122070312,69.87999725341797,69.63999938964844,69.83000183105469,69.83000183105469,83700,0.0,0.0
1742928300000,EMBR3,69.83000183105469,69.86000061035156,69.69999694824219,69.70999908447266,69.70999908447266,82800,0.0,0.0
1742929200000,EMBR3,69.69999694824219,69.75,69.55000305175781,69.58000183105469,69.58000183105469,135600,0.0,0.0
1742930100000,EMBR3,69.58999633789062,69.77999877929688,69.4000015258789,69.72000122070312,69.72000122070312,200000,0.0,0.0
1742931000000,EMBR3,69.72000122070312,69.80000305175781,69.5999984741211,69.73999786376953,69.73999786376953,206900,0.0,0.0
1742931900000,EMBR3,69.76000213623047,69.77999877929688,69.66000366210938,69.68000030517578,69.68000030517578,98600,0.0,0.0
1742994000000,EMBR3,69.9800033569336,70.44000244140625,69.66000366210938,69.69999694824219,69.69999694824219,252500,0.0,0.0
1742994900000,EMBR3,69.69000244140625,70.1500015258789,69.6500015258789,70.04000091552734,70.04000091552734,147700,0.0,0.0
1742995800000,EMBR3,69.98999786376953,69.98999786376953,69.4000015258789,69.58999633789062,69.58999633789062,219200,0.0,0.0
1742996700000,EMBR3,69.58000183105469,69.61000061035156,68.81999969482422,69.1500015258789,69.1500015258789,275300,0.0,0.0
1742997600000,EMBR3,69.13999938964844,69.2699966430664,68.86000061035156,69.2699966430664,69.2699966430664,277000,0.0,0.0
1742998500000,EMBR3,69.25,69.5,68.93000030517578,69.12000274658203,69.12000274658203,274700,0.0,0.0
1742999400000,EMBR3,69.12000274658203,69.2300033569336,69.02999877929688,69.18000030517578,69.18000030517578,155100,0.0,0.0
1743000300000,EMBR3,69.18000030517578,69.4800033569336,69.08999633789062,69.31999969482422,69.31999969482422,153100,0.0,0.0
1743001200000,EMBR3,69.33000183105469,69.58999633789062,69.20999908447266,69.56999969482422,69.56999969482422,134900,0.0,0.0
1743002100000,EMBR3,69.56999969482422,69.66000366210938,69.01000213623047,69.05000305175781,69.05000305175781,143700,0.0,0.0
1743003000000,EMBR3,69.06999969482422,69.27999877929688,69.04000091552734,69.2300033569336,69.2300033569336,72700,0.0,0.0
1743003900000,EMBR3,69.25,69.2699966430664,68.9000015258789,69.0,69.0,195600,0.0,0.0
1743004800000,EMBR3,68.98999786376953,69.06999969482422,68.91999816894531,69.0199966430664,69.0199966430664,130400,0.0,0.0
1743005700000,EMBR3,69.02999877929688,69.1500015258789,69.0,69.12999725341797,69.12999725341797,89300,0.0,0.0
1743006600000,EMBR3,69.13999938964844,69.16999816894531,69.0,69.16999816894531,69.16999816894531,106000,0.0,0.0
1743007500000,EMBR3,69.16999816894531,69.44000244140625,69.0999984741211,69.12999725341797,69.12999725341797,124000,0.0,0.0
1743008400000,EMBR3,69.12000274658203,69.26000213623047,69.12000274658203,69.22000122070312,69.22000122070312,50500,0.0,0.0
1743009300000,EMBR3,69.22000122070312,69.25,69.0999984741211,69.18000030517578,69.18000030517578,63300,0.0,0.0
1743010200000,EMBR3,69.16999816894531,69.16999816894531,69.0,69.08000183105469,69.08000183105469,97600,0.0,0.0
1743011100000,EMBR3,69.08000183105469,69.33000183105469,69.01000213623047,69.23999786376953,69.23999786376953,89700,0.0,0.0
1743012000000,EMBR3,69.26000213623047,69.63999938964844,69.19999694824219,69.63999938964844,69.63999938964844,169400,0.0,0.0
1743012900000,EMBR3,69.63999938964844,69.8499984741211,69.54000091552734,69.61000061035156,69.61000061035156,148600,0.0,0.0
1743013800000,EMBR3,69.63999938964844,69.68000030517578,69.37000274658203,69.43000030517578,69.43000030517578,89200,0.0,0.0
1743014700000,EMBR3,69.43000030517578,69.48999786376953,69.16999816894531,69.22000122070312,69.22000122070312,138800,0.0,0.0
1743015600000,EMBR3,69.20999908447266,69.44000244140625,69.19999694824219,69.29000091552734,69.29000091552734,70800,0.0,0.0
1743016500000,EMBR3,69.2699966430664,69.47000122070312,69.2699966430664,69.41999816894531,69.41999816894531,64400,0.0,0.0
1743017400000,EMBR3,69.41000366210938,69.48999786376953,69.31999969482422,69.44999694824219,69.44999694824219,155600,0.0,0.0
1743018300000,EMBR3,69.45999908447266,69.55999755859375,69.27999877929688,69.33999633789062,69.33999633789062,168700,0.0,0.0
1743080400000,EMBR3,70.0,70.0,69.3499984741211,69.75,69.75,76400,0.0,0.0
1743081300000,EMBR3,69.75,69.81999969482422,69.4000015258789,69.5199966430664,69.5199966430664,113500,0.0,0.0
1743082200000,EMBR3,69.56999969482422,70.0,69.51000213623047,69.61000061035156,69.61000061035156,241200,0.0,0.0
1743083100000,EMBR3,69.58000183105469,69.68000030517578,69.31999969482422,69.56999969482422,69.56999969482422,148200,0.0,0.0
1743084000000,EMBR3,69.62000274658203,69.63999938964844,69.44000244140625,69.56999969482422,69.56999969482422,73000,0.0,0.0
1743084900000,EMBR3,69.55999755859375,69.56999969482422,69.05000305175781,69.0999984741211,69.0999984741211,170200,0.0,0.0
1743085800000,EMBR3,69.0999984741211,69.8499984741211,68.87000274658203,69.81999969482422,69.81999969482422,315700,0.0,0.0
1743086700000,EMBR3,69.83000183105469,69.8499984741211,69.30000305175781,69.41000366210938,69.41000366210938,176000,0.0,0.0
1743087600000,EMBR3,69.43000030517578,69.54000091552734,69.11000061035156,69.19999694824219,69.19999694824219,124500,0.0,0.0
1743088500000,EMBR3,69.20999908447266,69.2699966430664,69.05000305175781,69.06999969482422,69.06999969482422,93200,0.0,0.0
1743089400000,EMBR3,69.08999633789062,69.30999755859375,69.05000305175781,69.23999786376953,69.23999786376953,106800,0.0,0.0
1743090300000,EMBR3,69.27999877929688,69.30999755859375,69.11000061035156,69.1500015258789,69.1500015258789,65000,0.0,0.0
1743091200000,EMBR3,69.1500015258789,69.23999786376953,69.0999984741211,69.1500015258789,69.1500015258789,100500,0.0,0.0
1743092100000,EMBR3,69.16999816894531,69.25,69.08000183105469,69.19000244140625,69.19000244140625,60200,0.0,0.0
1743093000000,EMBR3,69.19000244140625,69.23999786376953,69.11000061035156,69.1500015258789,69.1500015258789,39100,0.0,0.0
1743093900000,EMBR3,69.16000366210938,69.18000030517578,68.87000274658203,68.91999816894531,68.91999816894531,496800,0.0,0.0
1743094800000,EMBR3,68.93000030517578,69.06999969482422,68.55000305175781,68.70999908447266,68.70999908447266,158300,0.0,0.0
1743095700000,EMBR3,68.66999816894531,68.73999786376953,68.37000274658203,68.41999816894531,68.41999816894531,294300,0.0,0.0
1743096600000,EMBR3,68.41999816894531,68.48999786376953,68.16000366210938,68.37000274658203,68.37000274658203,309500,0.0,0.0
1743097500000,EMBR3,68.3499984741211,68.41000366210938,68.16999816894531,68.2300033569336,68.2300033569336,249200,0.0,0.0
1743098400000,EMBR3,68.19999694824219,68.44000244140625,68.04000091552734,68.44000244140625,68.44000244140625,240400,0.0,0.0
1743099300000,EMBR3,68.41000366210938,68.5,68.23999786376953,68.41000366210938,68.41000366210938,169400,0.0,0.0
1743100200000,EMBR3,68.43000030517578,68.66000366210938,68.37999725341797,68.52999877929688,68.52999877929688,176600,0.0,0.0
1743101100000,EMBR3,68.55000305175781,68.66000366210938,68.36000061035156,68.4000015258789,68.4000015258789,95800,0.0,0.0
1743102000000,EMBR3,68.41000366210938,68.55000305175781,68.3499984741211,68.47000122070312,68.47000122070312,156200,0.0,0.0
1743102900000,EMBR3,68.47000122070312,68.47000122070312,68.18000030517578,68.31999969482422,68.31999969482422,176100,0.0,0.0
1743103800000,EMBR3,68.31999969482422,68.43000030517578,68.20999908447266,68.37999725341797,68.37999725341797,178100,0.0,0.0
1743104700000,EMBR3,68.41000366210938,68.44999694824219,68.19000244140625,68.30000305175781,68.30000305175781,124700,0.0,0.0
1743166800000,EMBR3,68.3499984741211,69.06999969482422,67.81999969482422,68.0999984741211,68.0999984741211,288200,0.0,0.0
1743167700000,EMBR3,68.04000091552734,68.33000183105469,67.93000030517578,68.19000244140625,68.19000244140625,91500,0.0,0.0
1743168600000,EMBR3,68.18000030517578,68.41000366210938,67.94999694824219,68.12999725341797,68.12999725341797,120600,0.0,0.0
1743169500000,EMBR3,68.08000183105469,68.26000213623047,68.01000213623047,68.0199966430664,68.0199966430664,47800,0.0,0.0
1743170400000,EMBR3,68.0199966430664,68.0199966430664,67.30000305175781,67.31999969482422,67.31999969482422,185500,0.0,0.0
1743171300000,EMBR3,67.33999633789062,67.76000213623047,67.31999969482422,67.4800033569336,67.4800033569336,98100,0.0,0.0
1743172200000,EMBR3,67.52999877929688,67.61000061035156,67.33000183105469,67.38999938964844,67.38999938964844,84700,0.0,0.0
1743173100000,EMBR3,67.4000015258789,67.62999725341797,67.31999969482422,67.52999877929688,67.52999877929688,54800,0.0,0.0
1743174000000,EMBR3,67.52999877929688,67.52999877929688,67.13999938964844,67.33999633789062,67.33999633789062,182400,0.0,0.0
1743174900000,EMBR3,67.36000061035156,67.38999938964844,67.16999816894531,67.23999786376953,67.23999786376953,58600,0.0,0.0
1743175800000,EMBR3,67.23999786376953,67.38999938964844,67.2300033569336,67.23999786376953,67.23999786376953,40900,0.0,0.0
1743176700000,EMBR3,67.2300033569336,67.27999877929688,67.02999877929688,67.04000091552734,67.04000091552734,75800,0.0,0.0
1743177600000,EMBR3,67.02999877929688,67.08000183105469,66.7699966430664,66.77999877929688,66.77999877929688,124000,0.0,0.0
1743178500000,EMBR3,66.81999969482422,67.16000366210938,66.72000122070312,67.13999938964844,67.13999938964844,98000,0.0,0.0
1743179400000,EMBR3,67.11000061035156,67.11000061035156,66.80000305175781,66.83000183105469,66.83000183105469,270400,0.0,0.0
1743180300000,EMBR3,66.83999633789062,66.94000244140625,66.79000091552734,66.83000183105469,66.83000183105469,28300,0.0,0.0
1743181200000,EMBR3,66.83000183105469,66.91000366210938,66.47000122070312,66.63999938964844,66.63999938964844,155700,0.0,0.0
1743182100000,EMBR3,66.62999725341797,66.66000366210938,66.22000122070312,66.2699966430664,66.2699966430664,645500,0.0,0.0
1743183000000,EMBR3,66.2699966430664,66.3499984741211,66.20999908447266,66.25,66.25,117300,0.0,0.0
1743183900000,EMBR3,66.20999908447266,66.33000183105469,66.08000183105469,66.23999786376953,66.23999786376953,138100,0.0,0.0
1743184800000,EMBR3,66.20999908447266,66.45999908447266,66.12999725341797,66.4000015258789,66.4000015258789,186400,0.0,0.0
1743185700000,EMBR3,66.41000366210938,66.58999633789062,66.33999633789062,66.4000015258789,66.4000015258789,161100,0.0,0.0
1743186600000,EMBR3,66.4000015258789,66.66999816894531,66.38999938964844,66.55999755859375,66.55999755859375,165200,0.0,0.0
1743187500000,EMBR3,66.55999755859375,66.79000091552734,66.55999755859375,66.7300033569336,66.7300033569336,144700,0.0,0.0
1743188400000,EMBR3,66.72000122070312,66.72000122070312,66.47000122070312,66.62000274658203,66.62000274658203,87200,0.0,0.0
1743189300000,EMBR3,66.63999938964844,66.77999877929688,66.55999755859375,66.56999969482422,66.56999969482422,84400,0.0,0.0
1743190200000,EMBR3,66.56999969482422,66.5999984741211,66.43000030517578,66.48999786376953,66.48999786376953,161700,0.0,0.0
1743191100000,EMBR3,66.51000213623047,66.5199966430664,66.33999633789062,66.45999908447266,66.45999908447266,127600,0.0,0.0
1743426000000,EMBR3,66.1500015258789,66.2300033569336,65.37999725341797,65.44000244140625,65.44000244140625,153400,0.0,0.0
1743426900000,EMBR3,65.48999786376953,65.48999786376953,64.7300033569336,64.73999786376953,64.73999786376953,275900,0.0,0.0
1743427800000,EMBR3,64.7300033569336,65.0,63.810001373291016,63.9900016784668,63.9900016784668,465300,0.0,0.0
1743428700000,EMBR3,63.95000076293945,65.4000015258789,63.95000076293945,65.33000183105469,65.33000183105469,354900,0.0,0.0
1743429600000,EMBR3,65.33999633789062,65.54000091552734,65.22000122070312,65.30000305175781,65.30000305175781,237300,0.0,0.0
1743430500000,EMBR3,65.29000091552734,65.3499984741211,64.83999633789062,64.9000015258789,64.9000015258789,248500,0.0,0.0
1743431400000,EMBR3,64.9000015258789,65.12999725341797,64.79000091552734,64.86000061035156,64.86000061035156,149000,0.0,0.0
1743432300000,EMBR3,64.8499984741211,65.16000366210938,64.8499984741211,64.9800033569336,64.9800033569336,69400,0.0,0.0
1743433200000,EMBR3,64.97000122070312,65.19999694824219,64.97000122070312,65.02999877929688,65.02999877929688,1251400,0.0,0.0
1743434100000,EMBR3,65.0199966430664,65.37000274658203,64.95999908447266,65.1500015258789,65.1500015258789,102000,0.0,0.0
1743435000000,EMBR3,65.12000274658203,65.12000274658203,64.79000091552734,64.86000061035156,64.86000061035156,48400,0.0,0.0
1743435900000,EMBR3,64.87999725341797,65.16000366210938,64.86000061035156,65.05000305175781,65.05000305175781,65200,0.0,0.0
1743436800000,EMBR3,65.08999633789062,65.1500015258789,64.83999633789062,64.87000274658203,64.87000274658203,37200,0.0,0.0
1743437700000,EMBR3,64.88999938964844,65.19999694824219,64.80000305175781,65.16999816894531,65.16999816894531,71900,0.0,0.0
1743438600000,EMBR3,65.16999816894531,65.16999816894531,64.98999786376953,65.0199966430664,65.0199966430664,47700,0.0,0.0
1743439500000,EMBR3,65.02999877929688,65.18000030517578,64.98999786376953,65.0999984741211,65.0999984741211,45300,0.0,0.0
1743440400000,EMBR3,65.0999984741211,65.38999938964844,65.08000183105469,65.37999725341797,65.37999725341797,83500,0.0,0.0
1743441300000,EMBR3,65.37000274658203,65.4800033569336,65.2300033569336,65.41000366210938,65.41000366210938,165800,0.0,0.0
1743442200000,EMBR3,65.38999938964844,65.55000305175781,65.36000061035156,65.47000122070312,65.47000122070312,95000,0.0,0.0
1743443100000,EMBR3,65.45999908447266,65.52999877929688,65.38999938964844,65.44000244140625,65.44000244140625,87800,0.0,0.0
1743444000000,EMBR3,65.44999694824219,65.87999725341797,65.44999694824219,65.8499984741211,65.8499984741211,152000,0.0,0.0
1743444900000,EMBR3,65.86000061035156,66.05999755859375,65.70999908447266,65.83999633789062,65.83999633789062,165800,0.0,0.0
1743445800000,EMBR3,65.83000183105469,66.05000305175781,65.81999969482422,65.97000122070312,65.97000122070312,130700,0.0,0.0
1743446700000,EMBR3,65.9800033569336,66.01000213623047,65.75,65.87000274658203,65.87000274658203,77500,0.0,0.0
1743447600000,EMBR3,65.87000274658203,65.97000122070312,65.83000183105469,65.87000274658203,65.87000274658203,125200,0.0,0.0
1743448500000,EMBR3,65.87000274658203,65.94999694824219,65.80999755859375,65.80999755859375,65.80999755859375,70000,0.0,0.0
1743449400000,EMBR3,65.80999755859375,66.01000213623047,65.73999786376953,65.91999816894531,65.91999816894531,308800,0.0,0.0
1743450300000,EMBR3,65.93000030517578,66.0199966430664,65.75,65.83999633789062,65.83999633789062,138700,0.0,0.0
1743512400000,EMBR3,66.05999755859375,66.05999755859375,64.80999755859375,64.93000030517578,64.93000030517578,216900,0.0,0.0
1743513300000,EMBR3,64.91000366210938,64.93000030517578,64.0,64.13999938964844,64.13999938964844,463600,0.0,0.0
1743514200000,EMBR3,64.11000061035156,65.25,64.0999984741211,64.87000274658203,64.87000274658203,1775500,0.0,0.0
1743515100000,EMBR3,64.87999725341797,65.29000091552734,64.83999633789062,65.22000122070312,65.22000122070312,312300,0.0,0.0
1743516000000,EMBR3,65.19999694824219,65.25,64.62999725341797,64.80000305175781,64.80000305175781,196600,0.0,0.0
1743516900000,EMBR3,64.83000183105469,64.91999816894531,64.72000122070312,64.91000366210938,64.91000366210938,161400,0.0,0.0
1743517800000,EMBR3,64.91999816894531,65.33999633789062,64.91999816894531,65.29000091552734,65.29000091552734,272400,0.0,0.0
1743518700000,EMBR3,65.27999877929688,65.3499984741211,65.0,65.11000061035156,65.11000061035156,210500,0.0,0.0
1743519600000,EMBR3,65.0999984741211,65.55000305175781,65.08999633789062,65.47000122070312,65.47000122070312,210400,0.0,0.0
1743520500000,EMBR3,65.45999908447266,65.52999877929688,65.29000091552734,65.41999816894531,65.41999816894531,141400,0.0,0.0
1743521400000,EMBR3,65.45999908447266,65.58000183105469,65.33999633789062,65.44999694824219,65.44999694824219,85000,0.0,0.0
1743522300000,EMBR3,65.43000030517578,65.76000213623047,65.43000030517578,65.69000244140625,65.69000244140625,111700,0.0,0.0
1743523200000,EMBR3,65.70999908447266,65.9800033569336,65.31999969482422,65.38999938964844,65.38999938964844,230500,0.0,0.0
1743524100000,EMBR3,65.38999938964844,65.69999694824219,65.38999938964844,65.4800033569336,65.4800033569336,59300,0.0,0.0
1743525000000,EMBR3,65.41999816894531,65.5199966430664,65.30999755859375,65.36000061035156,65.36000061035156,78500,0.0,0.0
1743525900000,EMBR3,65.37999725341797,65.6500015258789,65.31999969482422,65.43000030517578,65.43000030517578,75500,0.0,0.0
1743526800000,EMBR3,65.44999694824219,65.5999984741211,65.41000366210938,65.55999755859375,65.55999755859375,96200,0.0,0.0
1743527700000,EMBR3,65.55000305175781,65.62000274658203,65.48999786376953,65.61000061035156,65.61000061035156,43300,0.0,0.0
1743528600000,EMBR3,65.61000061035156,65.91000366210938,65.5,65.87999725341797,65.87999725341797,132400,0.0,0.0
1743529500000,EMBR3,65.87000274658203,65.94000244140625,65.80000305175781,65.87999725341797,65.87999725341797,90900,0.0,0.0
1743530400000,EMBR3,65.88999938964844,65.98999786376953,65.83999633789062,65.91999816894531,65.91999816894531,72500,0.0,0.0
1743531300000,EMBR3,65.91999816894531,65.95999908447266,65.51000213623047,65.73999786376953,65.73999786376953,101500,0.0,0.0
1743532200000,EMBR3,65.70999908447266,65.75,65.4000015258789,65.44999694824219,65.44999694824219,82700,0.0,0.0
1743533100000,EMBR3,65.43000030517578,65.55000305175781,65.27999877929688,65.41999816894531,65.41999816894531,140700,0.0,0.0
1743534000000,EMBR3,65.4000015258789,65.58999633789062,65.30999755859375,65.4000015258789,65.4000015258789,158100,0.0,0.0
1743534900000,EMBR3,65.41999816894531,65.70999908447266,65.33999633789062,65.69000244140625,65.69000244140625,200200,0.0,0.0
1743535800000,EMBR3,65.69999694824219,66.0,65.68000030517578,65.77999877929688,65.77999877929688,321700,0.0,0.0
1743536700000,EMBR3,65.7699966430664,65.9000015258789,65.63999938964844,65.75,65.75,220900,0.0,0.0
